 0.00000000e+00  1.61693869e+00 
 1.00000000e-06  1.61870798e+00 
 2.00000000e-06  1.62049750e+00 
 3.00000000e-06  1.62230657e+00 
 4.00000000e-06  1.62413447e+00 
 5.00000000e-06  1.62598046e+00 
 6.00000000e-06  1.62784378e+00 
 7.00000000e-06  1.62972361e+00 
 8.00000000e-06  1.63161913e+00 
 9.00000000e-06  1.63352946e+00 
 1.00000000e-05  1.63545371e+00 
 1.10000000e-05  1.63739095e+00 
 1.20000000e-05  1.63934024e+00 
 1.30000000e-05  1.64130060e+00 
 1.40000000e-05  1.64327103e+00 
 1.50000000e-05  1.64525050e+00 
 1.60000000e-05  1.64723796e+00 
 1.70000000e-05  1.64923235e+00 
 1.80000000e-05  1.65123257e+00 
 1.90000000e-05  1.65323753e+00 
 2.00000000e-05  1.65524610e+00 
 2.10000000e-05  1.65725715e+00 
 2.20000000e-05  1.65926952e+00 
 2.30000000e-05  1.66128207e+00 
 2.40000000e-05  1.66329362e+00 
 2.50000000e-05  1.66530300e+00 
 2.60000000e-05  1.66730904e+00 
 2.70000000e-05  1.66931054e+00 
 2.80000000e-05  1.67130634e+00 
 2.90000000e-05  1.67329526e+00 
 3.00000000e-05  1.67527611e+00 
 3.10000000e-05  1.67724773e+00 
 3.20000000e-05  1.67920896e+00 
 3.30000000e-05  1.68115865e+00 
 3.40000000e-05  1.68309567e+00 
 3.50000000e-05  1.68501888e+00 
 3.60000000e-05  1.68692719e+00 
 3.70000000e-05  1.68881952e+00 
 3.80000000e-05  1.69069479e+00 
 3.90000000e-05  1.69255198e+00 
 4.00000000e-05  1.69439006e+00 
 4.10000000e-05  1.69620806e+00 
 4.20000000e-05  1.69800503e+00 
 4.30000000e-05  1.69978003e+00 
 4.40000000e-05  1.70153219e+00 
 4.50000000e-05  1.70326065e+00 
 4.60000000e-05  1.70496460e+00 
 4.70000000e-05  1.70664327e+00 
 4.80000000e-05  1.70829593e+00 
 4.90000000e-05  1.70992188e+00 
 5.00000000e-05  1.71152048e+00 
 0.00000000e+00  1.62049732e+00 
 1.00000000e-06  1.62229740e+00 
 2.00000000e-06  1.62411605e+00 
 3.00000000e-06  1.62595274e+00 
 4.00000000e-06  1.62780669e+00 
 5.00000000e-06  1.62967713e+00 
 6.00000000e-06  1.63156323e+00 
 7.00000000e-06  1.63346414e+00 
 8.00000000e-06  1.63537898e+00 
 9.00000000e-06  1.63730686e+00 
 1.00000000e-05  1.63924682e+00 
 1.10000000e-05  1.64119791e+00 
 1.20000000e-05  1.64315915e+00 
 1.30000000e-05  1.64512953e+00 
 1.40000000e-05  1.64710802e+00 
 1.50000000e-05  1.64909356e+00 
 1.60000000e-05  1.65108508e+00 
 1.70000000e-05  1.65308150e+00 
 1.80000000e-05  1.65508172e+00 
 1.90000000e-05  1.65708460e+00 
 2.00000000e-05  1.65908903e+00 
 2.10000000e-05  1.66109385e+00 
 2.20000000e-05  1.66309792e+00 
 2.30000000e-05  1.66510007e+00 
 2.40000000e-05  1.66709915e+00 
 2.50000000e-05  1.66909398e+00 
 2.60000000e-05  1.67108340e+00 
 2.70000000e-05  1.67306625e+00 
 2.80000000e-05  1.67504135e+00 
 2.90000000e-05  1.67700755e+00 
 3.00000000e-05  1.67896369e+00 
 3.10000000e-05  1.68090865e+00 
 3.20000000e-05  1.68284128e+00 
 3.30000000e-05  1.68476048e+00 
 3.40000000e-05  1.68666514e+00 
 3.50000000e-05  1.68855419e+00 
 3.60000000e-05  1.69042657e+00 
 3.70000000e-05  1.69228124e+00 
 3.80000000e-05  1.69411719e+00 
 3.90000000e-05  1.69593344e+00 
 4.00000000e-05  1.69772904e+00 
 4.10000000e-05  1.69950306e+00 
 4.20000000e-05  1.70125462e+00 
 4.30000000e-05  1.70298285e+00 
 4.40000000e-05  1.70468695e+00 
 4.50000000e-05  1.70636614e+00 
 4.60000000e-05  1.70801967e+00 
 4.70000000e-05  1.70964685e+00 
 4.80000000e-05  1.71124702e+00 
 4.90000000e-05  1.71281958e+00 
 5.00000000e-05  1.71436396e+00 
 0.00000000e+00  1.62413350e+00 
 1.00000000e-06  1.62596198e+00 
 2.00000000e-06  1.62780669e+00 
 3.00000000e-06  1.62966783e+00 
 4.00000000e-06  1.63154459e+00 
 5.00000000e-06  1.63343614e+00 
 6.00000000e-06  1.63534162e+00 
 7.00000000e-06  1.63726013e+00 
 8.00000000e-06  1.63919075e+00 
 9.00000000e-06  1.64113254e+00 
 1.00000000e-05  1.64308453e+00 
 1.10000000e-05  1.64504574e+00 
 1.20000000e-05  1.64701514e+00 
 1.30000000e-05  1.64899170e+00 
 1.40000000e-05  1.65097437e+00 
 1.50000000e-05  1.65296208e+00 
 1.60000000e-05  1.65495373e+00 
 1.70000000e-05  1.65694822e+00 
 1.80000000e-05  1.65894444e+00 
 1.90000000e-05  1.66094126e+00 
 2.00000000e-05  1.66293754e+00 
 2.10000000e-05  1.66493214e+00 
 2.20000000e-05  1.66692391e+00 
 2.30000000e-05  1.66891169e+00 
 2.40000000e-05  1.67089434e+00 
 2.50000000e-05  1.67287069e+00 
 2.60000000e-05  1.67483959e+00 
 2.70000000e-05  1.67679991e+00 
 2.80000000e-05  1.67875048e+00 
 2.90000000e-05  1.68069020e+00 
 3.00000000e-05  1.68261793e+00 
 3.10000000e-05  1.68453256e+00 
 3.20000000e-05  1.68643302e+00 
 3.30000000e-05  1.68831821e+00 
 3.40000000e-05  1.69018710e+00 
 3.50000000e-05  1.69203865e+00 
 3.60000000e-05  1.69387184e+00 
 3.70000000e-05  1.69568571e+00 
 3.80000000e-05  1.69747930e+00 
 3.90000000e-05  1.69925168e+00 
 4.00000000e-05  1.70100197e+00 
 4.10000000e-05  1.70272931e+00 
 4.20000000e-05  1.70443288e+00 
 4.30000000e-05  1.70611189e+00 
 4.40000000e-05  1.70776561e+00 
 4.50000000e-05  1.70939333e+00 
 4.60000000e-05  1.71099439e+00 
 4.70000000e-05  1.71256817e+00 
 4.80000000e-05  1.71411409e+00 
 4.90000000e-05  1.71563163e+00 
 5.00000000e-05  1.71712031e+00 
 0.00000000e+00  1.62784378e+00 
 1.00000000e-06  1.62969572e+00 
 2.00000000e-06  1.63156323e+00 
 3.00000000e-06  1.63344548e+00 
 4.00000000e-06  1.63534162e+00 
 5.00000000e-06  1.63725078e+00 
 6.00000000e-06  1.63917205e+00 
 7.00000000e-06  1.64110452e+00 
 8.00000000e-06  1.64304722e+00 
 9.00000000e-06  1.64499917e+00 
 1.00000000e-05  1.64695939e+00 
 1.10000000e-05  1.64892686e+00 
 1.20000000e-05  1.65090052e+00 
 1.30000000e-05  1.65287934e+00 
 1.40000000e-05  1.65486223e+00 
 1.50000000e-05  1.65684812e+00 
 1.60000000e-05  1.65883589e+00 
 1.70000000e-05  1.66082444e+00 
 1.80000000e-05  1.66281264e+00 
 1.90000000e-05  1.66479937e+00 
 2.00000000e-05  1.66678350e+00 
 2.10000000e-05  1.66876387e+00 
 2.20000000e-05  1.67073936e+00 
 2.30000000e-05  1.67270881e+00 
 2.40000000e-05  1.67467109e+00 
 2.50000000e-05  1.67662507e+00 
 2.60000000e-05  1.67856961e+00 
 2.70000000e-05  1.68050359e+00 
 2.80000000e-05  1.68242591e+00 
 2.90000000e-05  1.68433546e+00 
 3.00000000e-05  1.68623116e+00 
 3.10000000e-05  1.68811194e+00 
 3.20000000e-05  1.68997676e+00 
 3.30000000e-05  1.69182459e+00 
 3.40000000e-05  1.69365442e+00 
 3.50000000e-05  1.69546529e+00 
 3.60000000e-05  1.69725623e+00 
 3.70000000e-05  1.69902634e+00 
 3.80000000e-05  1.70077471e+00 
 3.90000000e-05  1.70250049e+00 
 4.00000000e-05  1.70420285e+00 
 4.10000000e-05  1.70588103e+00 
 4.20000000e-05  1.70753425e+00 
 4.30000000e-05  1.70916183e+00 
 4.40000000e-05  1.71076308e+00 
 4.50000000e-05  1.71233739e+00 
 4.60000000e-05  1.71388417e+00 
 4.70000000e-05  1.71540289e+00 
 4.80000000e-05  1.71689305e+00 
 4.90000000e-05  1.71835420e+00 
 5.00000000e-05  1.71978595e+00 
 0.00000000e+00  1.63161913e+00 
 1.00000000e-06  1.63349213e+00 
 2.00000000e-06  1.63537898e+00 
 3.00000000e-06  1.63727882e+00 
 4.00000000e-06  1.63919075e+00 
 5.00000000e-06  1.64111386e+00 
 6.00000000e-06  1.64304722e+00 
 7.00000000e-06  1.64498986e+00 
 8.00000000e-06  1.64694081e+00 
 9.00000000e-06  1.64889906e+00 
 1.00000000e-05  1.65086358e+00 
 1.10000000e-05  1.65283335e+00 
 1.20000000e-05  1.65480731e+00 
 1.30000000e-05  1.65678437e+00 
 1.40000000e-05  1.65876347e+00 
 1.50000000e-05  1.66074349e+00 
 1.60000000e-05  1.66272334e+00 
 1.70000000e-05  1.66470191e+00 
 1.80000000e-05  1.66667806e+00 
 1.90000000e-05  1.66865068e+00 
 2.00000000e-05  1.67061864e+00 
 2.10000000e-05  1.67258080e+00 
 2.20000000e-05  1.67453605e+00 
 2.30000000e-05  1.67648326e+00 
 2.40000000e-05  1.67842130e+00 
 2.50000000e-05  1.68034908e+00 
 2.60000000e-05  1.68226549e+00 
 2.70000000e-05  1.68416944e+00 
 2.80000000e-05  1.68605985e+00 
 2.90000000e-05  1.68793568e+00 
 3.00000000e-05  1.68979586e+00 
 3.10000000e-05  1.69163940e+00 
 3.20000000e-05  1.69346528e+00 
 3.30000000e-05  1.69527254e+00 
 3.40000000e-05  1.69706022e+00 
 3.50000000e-05  1.69882741e+00 
 3.60000000e-05  1.70057322e+00 
 3.70000000e-05  1.70229679e+00 
 3.80000000e-05  1.70399730e+00 
 3.90000000e-05  1.70567397e+00 
 4.00000000e-05  1.70732603e+00 
 4.10000000e-05  1.70895279e+00 
 4.20000000e-05  1.71055356e+00 
 4.30000000e-05  1.71212772e+00 
 4.40000000e-05  1.71367467e+00 
 4.50000000e-05  1.71519389e+00 
 4.60000000e-05  1.71668485e+00 
 4.70000000e-05  1.71814711e+00 
 4.80000000e-05  1.71958027e+00 
 4.90000000e-05  1.72098394e+00 
 5.00000000e-05  1.72235782e+00 
 0.00000000e+00  1.63545371e+00 
 1.00000000e-06  1.63734423e+00 
 2.00000000e-06  1.63924682e+00 
 3.00000000e-06  1.64116056e+00 
 4.00000000e-06  1.64308453e+00 
 5.00000000e-06  1.64501780e+00 
 6.00000000e-06  1.64695939e+00 
 7.00000000e-06  1.64890832e+00 
 8.00000000e-06  1.65086358e+00 
 9.00000000e-06  1.65282416e+00 
 1.00000000e-05  1.65478899e+00 
 1.10000000e-05  1.65675705e+00 
 1.20000000e-05  1.65872724e+00 
 1.30000000e-05  1.66069850e+00 
 1.40000000e-05  1.66266973e+00 
 1.50000000e-05  1.66463984e+00 
 1.60000000e-05  1.66660771e+00 
 1.70000000e-05  1.66857224e+00 
 1.80000000e-05  1.67053231e+00 
 1.90000000e-05  1.67248681e+00 
 2.00000000e-05  1.67443462e+00 
 2.10000000e-05  1.67637464e+00 
 2.20000000e-05  1.67830576e+00 
 2.30000000e-05  1.68022687e+00 
 2.40000000e-05  1.68213689e+00 
 2.50000000e-05  1.68403474e+00 
 2.60000000e-05  1.68591936e+00 
 2.70000000e-05  1.68778969e+00 
 2.80000000e-05  1.68964470e+00 
 2.90000000e-05  1.69148337e+00 
 3.00000000e-05  1.69330472e+00 
 3.10000000e-05  1.69510777e+00 
 3.20000000e-05  1.69689159e+00 
 3.30000000e-05  1.69865525e+00 
 3.40000000e-05  1.70039788e+00 
 3.50000000e-05  1.70211860e+00 
 3.60000000e-05  1.70381661e+00 
 3.70000000e-05  1.70549111e+00 
 3.80000000e-05  1.70714135e+00 
 3.90000000e-05  1.70876662e+00 
 4.00000000e-05  1.71036624e+00 
 4.10000000e-05  1.71193958e+00 
 4.20000000e-05  1.71348604e+00 
 4.30000000e-05  1.71500507e+00 
 4.40000000e-05  1.71649617e+00 
 4.50000000e-05  1.71795887e+00 
 4.60000000e-05  1.71939275e+00 
 4.70000000e-05  1.72079744e+00 
 4.80000000e-05  1.72217262e+00 
 4.90000000e-05  1.72351799e+00 
 5.00000000e-05  1.72483333e+00 
 0.00000000e+00  1.63934017e+00 
 1.00000000e-06  1.64124459e+00 
 2.00000000e-06  1.64315915e+00 
 3.00000000e-06  1.64508298e+00 
 4.00000000e-06  1.64701514e+00 
 5.00000000e-06  1.64895465e+00 
 6.00000000e-06  1.65090052e+00 
 7.00000000e-06  1.65285175e+00 
 8.00000000e-06  1.65480731e+00 
 9.00000000e-06  1.65676616e+00 
 1.00000000e-05  1.65872724e+00 
 1.10000000e-05  1.66068950e+00 
 1.20000000e-05  1.66265185e+00 
 1.30000000e-05  1.66461322e+00 
 1.40000000e-05  1.66657251e+00 
 1.50000000e-05  1.66852863e+00 
 1.60000000e-05  1.67048047e+00 
 1.70000000e-05  1.67242694e+00 
 1.80000000e-05  1.67436694e+00 
 1.90000000e-05  1.67629936e+00 
 2.00000000e-05  1.67822312e+00 
 2.10000000e-05  1.68013712e+00 
 2.20000000e-05  1.68204029e+00 
 2.30000000e-05  1.68393156e+00 
 2.40000000e-05  1.68580987e+00 
 2.50000000e-05  1.68767419e+00 
 2.60000000e-05  1.68952348e+00 
 2.70000000e-05  1.69135675e+00 
 2.80000000e-05  1.69317300e+00 
 2.90000000e-05  1.69497127e+00 
 3.00000000e-05  1.69675063e+00 
 3.10000000e-05  1.69851016e+00 
 3.20000000e-05  1.70024898e+00 
 3.30000000e-05  1.70196623e+00 
 3.40000000e-05  1.70366110e+00 
 3.50000000e-05  1.70533280e+00 
 3.60000000e-05  1.70698057e+00 
 3.70000000e-05  1.70860370e+00 
 3.80000000e-05  1.71020151e+00 
 3.90000000e-05  1.71177337e+00 
 4.00000000e-05  1.71331867e+00 
 4.10000000e-05  1.71483685e+00 
 4.20000000e-05  1.71632742e+00 
 4.30000000e-05  1.71778988e+00 
 4.40000000e-05  1.71922383e+00 
 4.50000000e-05  1.72062888e+00 
 4.60000000e-05  1.72200468e+00 
 4.70000000e-05  1.72335096e+00 
 4.80000000e-05  1.72466747e+00 
 4.90000000e-05  1.72595400e+00 
 5.00000000e-05  1.72721040e+00 
 0.00000000e+00  1.64327100e+00 
 1.00000000e-06  1.64518537e+00 
 2.00000000e-06  1.64710802e+00 
 3.00000000e-06  1.64903801e+00 
 4.00000000e-06  1.65097437e+00 
 5.00000000e-06  1.65291612e+00 
 6.00000000e-06  1.65486223e+00 
 7.00000000e-06  1.65681170e+00 
 8.00000000e-06  1.65876347e+00 
 9.00000000e-06  1.66071650e+00 
 1.00000000e-05  1.66266973e+00 
 1.10000000e-05  1.66462209e+00 
 1.20000000e-05  1.66657251e+00 
 1.30000000e-05  1.66851991e+00 
 1.40000000e-05  1.67046319e+00 
 1.50000000e-05  1.67240128e+00 
 1.60000000e-05  1.67433308e+00 
 1.70000000e-05  1.67625751e+00 
 1.80000000e-05  1.67817349e+00 
 1.90000000e-05  1.68007995e+00 
 2.00000000e-05  1.68197582e+00 
 2.10000000e-05  1.68386003e+00 
 2.20000000e-05  1.68573156e+00 
 2.30000000e-05  1.68758936e+00 
 2.40000000e-05  1.68943241e+00 
 2.50000000e-05  1.69125973e+00 
 2.60000000e-05  1.69307033e+00 
 2.70000000e-05  1.69486325e+00 
 2.80000000e-05  1.69663757e+00 
 2.90000000e-05  1.69839238e+00 
 3.00000000e-05  1.70012679e+00 
 3.10000000e-05  1.70183997e+00 
 3.20000000e-05  1.70353108e+00 
 3.30000000e-05  1.70519934e+00 
 3.40000000e-05  1.70684400e+00 
 3.50000000e-05  1.70846435e+00 
 3.60000000e-05  1.71005970e+00 
 3.70000000e-05  1.71162941e+00 
 3.80000000e-05  1.71317289e+00 
 3.90000000e-05  1.71468958e+00 
 4.00000000e-05  1.71617895e+00 
 4.10000000e-05  1.71764052e+00 
 4.20000000e-05  1.71907388e+00 
 4.30000000e-05  1.72047863e+00 
 4.40000000e-05  1.72185442e+00 
 4.50000000e-05  1.72320095e+00 
 4.60000000e-05  1.72451798e+00 
 4.70000000e-05  1.72580529e+00 
 4.80000000e-05  1.72706271e+00 
 4.90000000e-05  1.72829013e+00 
 5.00000000e-05  1.72948747e+00 
 0.00000000e+00  1.64723809e+00 
 1.00000000e-06  1.64915834e+00 
 2.00000000e-06  1.65108508e+00 
 3.00000000e-06  1.65301721e+00 
 4.00000000e-06  1.65495373e+00 
 5.00000000e-06  1.65689363e+00 
 6.00000000e-06  1.65883589e+00 
 7.00000000e-06  1.66077948e+00 
 8.00000000e-06  1.66272334e+00 
 9.00000000e-06  1.66466644e+00 
 1.00000000e-05  1.66660771e+00 
 1.10000000e-05  1.66854608e+00 
 1.20000000e-05  1.67048047e+00 
 1.30000000e-05  1.67240983e+00 
 1.40000000e-05  1.67433308e+00 
 1.50000000e-05  1.67624914e+00 
 1.60000000e-05  1.67815694e+00 
 1.70000000e-05  1.68005543e+00 
 1.80000000e-05  1.68194356e+00 
 1.90000000e-05  1.68382027e+00 
 2.00000000e-05  1.68568452e+00 
 2.10000000e-05  1.68753531e+00 
 2.20000000e-05  1.68937162e+00 
 2.30000000e-05  1.69119247e+00 
 2.40000000e-05  1.69299688e+00 
 2.50000000e-05  1.69478390e+00 
 2.60000000e-05  1.69655261e+00 
 2.70000000e-05  1.69830212e+00 
 2.80000000e-05  1.70003154e+00 
 2.90000000e-05  1.70174002e+00 
 3.00000000e-05  1.70342676e+00 
 3.10000000e-05  1.70509097e+00 
 3.20000000e-05  1.70673190e+00 
 3.30000000e-05  1.70834883e+00 
 3.40000000e-05  1.70994108e+00 
 3.50000000e-05  1.71150802e+00 
 3.60000000e-05  1.71304903e+00 
 3.70000000e-05  1.71456356e+00 
 3.80000000e-05  1.71605109e+00 
 3.90000000e-05  1.71751112e+00 
 4.00000000e-05  1.71894324e+00 
 4.10000000e-05  1.72034703e+00 
 4.20000000e-05  1.72172216e+00 
 4.30000000e-05  1.72306831e+00 
 4.40000000e-05  1.72438523e+00 
 4.50000000e-05  1.72567268e+00 
 4.60000000e-05  1.72693050e+00 
 4.70000000e-05  1.72815856e+00 
 4.80000000e-05  1.72935677e+00 
 4.90000000e-05  1.73052509e+00 
 5.00000000e-05  1.73166350e+00 
 0.00000000e+00  1.65123271e+00 
 1.00000000e-06  1.65315495e+00 
 2.00000000e-06  1.65508172e+00 
 3.00000000e-06  1.65701188e+00 
 4.00000000e-06  1.65894444e+00 
 5.00000000e-06  1.66087837e+00 
 6.00000000e-06  1.66281264e+00 
 7.00000000e-06  1.66474622e+00 
 8.00000000e-06  1.66667806e+00 
 9.00000000e-06  1.66860711e+00 
 1.00000000e-05  1.67053231e+00 
 1.10000000e-05  1.67245261e+00 
 1.20000000e-05  1.67436694e+00 
 1.30000000e-05  1.67627425e+00 
 1.40000000e-05  1.67817349e+00 
 1.50000000e-05  1.68006361e+00 
 1.60000000e-05  1.68194356e+00 
 1.70000000e-05  1.68381231e+00 
 1.80000000e-05  1.68566884e+00 
 1.90000000e-05  1.68751213e+00 
 2.00000000e-05  1.68934120e+00 
 2.10000000e-05  1.69115506e+00 
 2.20000000e-05  1.69295276e+00 
 2.30000000e-05  1.69473334e+00 
 2.40000000e-05  1.69649590e+00 
 2.50000000e-05  1.69823953e+00 
 2.60000000e-05  1.69996338e+00 
 2.70000000e-05  1.70166659e+00 
 2.80000000e-05  1.70334836e+00 
 2.90000000e-05  1.70500791e+00 
 3.00000000e-05  1.70664449e+00 
 3.10000000e-05  1.70825738e+00 
 3.20000000e-05  1.70984590e+00 
 3.30000000e-05  1.71140942e+00 
 3.40000000e-05  1.71294734e+00 
 3.50000000e-05  1.71445907e+00 
 3.60000000e-05  1.71594411e+00 
 3.70000000e-05  1.71740196e+00 
 3.80000000e-05  1.71883219e+00 
 3.90000000e-05  1.72023440e+00 
 4.00000000e-05  1.72160822e+00 
 4.10000000e-05  1.72295335e+00 
 4.20000000e-05  1.72426952e+00 
 4.30000000e-05  1.72555649e+00 
 4.40000000e-05  1.72681409e+00 
 4.50000000e-05  1.72804218e+00 
 4.60000000e-05  1.72924066e+00 
 4.70000000e-05  1.73040947e+00 
 4.80000000e-05  1.73154860e+00 
 4.90000000e-05  1.73265808e+00 
 5.00000000e-05  1.73373798e+00 
 0.00000000e+00  1.65524651e+00 
 1.00000000e-06  1.65716636e+00 
 2.00000000e-06  1.65908902e+00 
 3.00000000e-06  1.66101309e+00 
 4.00000000e-06  1.66293754e+00 
 5.00000000e-06  1.66486135e+00 
 6.00000000e-06  1.66678350e+00 
 7.00000000e-06  1.66870294e+00 
 8.00000000e-06  1.67061864e+00 
 9.00000000e-06  1.67252955e+00 
 1.00000000e-05  1.67443462e+00 
 1.10000000e-05  1.67633283e+00 
 1.20000000e-05  1.67822312e+00 
 1.30000000e-05  1.68010446e+00 
 1.40000000e-05  1.68197582e+00 
 1.50000000e-05  1.68383618e+00 
 1.60000000e-05  1.68568452e+00 
 1.70000000e-05  1.68751986e+00 
 1.80000000e-05  1.68934120e+00 
 1.90000000e-05  1.69114758e+00 
 2.00000000e-05  1.69293804e+00 
 2.10000000e-05  1.69471166e+00 
 2.20000000e-05  1.69646751e+00 
 2.30000000e-05  1.69820473e+00 
 2.40000000e-05  1.69992243e+00 
 2.50000000e-05  1.70161980e+00 
 2.60000000e-05  1.70329601e+00 
 2.70000000e-05  1.70495030e+00 
 2.80000000e-05  1.70658193e+00 
 2.90000000e-05  1.70819017e+00 
 3.00000000e-05  1.70977435e+00 
 3.10000000e-05  1.71133384e+00 
 3.20000000e-05  1.71286802e+00 
 3.30000000e-05  1.71437633e+00 
 3.40000000e-05  1.71585825e+00 
 3.50000000e-05  1.71731329e+00 
 3.60000000e-05  1.71874100e+00 
 3.70000000e-05  1.72014098e+00 
 3.80000000e-05  1.72151287e+00 
 3.90000000e-05  1.72285635e+00 
 4.00000000e-05  1.72417114e+00 
 4.10000000e-05  1.72545701e+00 
 4.20000000e-05  1.72671377e+00 
 4.30000000e-05  1.72794128e+00 
 4.40000000e-05  1.72913941e+00 
 4.50000000e-05  1.73030812e+00 
 4.60000000e-05  1.73144738e+00 
 4.70000000e-05  1.73255721e+00 
 4.80000000e-05  1.73363766e+00 
 4.90000000e-05  1.73468884e+00 
 5.00000000e-05  1.73571088e+00 
 0.00000000e+00  1.65926961e+00 
 1.00000000e-06  1.66118351e+00 
 2.00000000e-06  1.66309792e+00 
 3.00000000e-06  1.66501172e+00 
 4.00000000e-06  1.66692391e+00 
 5.00000000e-06  1.66883346e+00 
 6.00000000e-06  1.67073936e+00 
 7.00000000e-06  1.67264056e+00 
 8.00000000e-06  1.67453605e+00 
 9.00000000e-06  1.67642479e+00 
 1.00000000e-05  1.67830576e+00 
 1.10000000e-05  1.68017793e+00 
 1.20000000e-05  1.68204029e+00 
 1.30000000e-05  1.68389183e+00 
 1.40000000e-05  1.68573156e+00 
 1.50000000e-05  1.68755848e+00 
 1.60000000e-05  1.68937162e+00 
 1.70000000e-05  1.69117003e+00 
 1.80000000e-05  1.69295276e+00 
 1.90000000e-05  1.69471888e+00 
 2.00000000e-05  1.69646751e+00 
 2.10000000e-05  1.69819776e+00 
 2.20000000e-05  1.69990877e+00 
 2.30000000e-05  1.70159973e+00 
 2.40000000e-05  1.70326981e+00 
 2.50000000e-05  1.70491827e+00 
 2.60000000e-05  1.70654434e+00 
 2.70000000e-05  1.70814734e+00 
 2.80000000e-05  1.70972657e+00 
 2.90000000e-05  1.71128141e+00 
 3.00000000e-05  1.71281124e+00 
 3.10000000e-05  1.71431552e+00 
 3.20000000e-05  1.71579369e+00 
 3.30000000e-05  1.71724529e+00 
 3.40000000e-05  1.71866986e+00 
 3.50000000e-05  1.72006699e+00 
 3.60000000e-05  1.72143632e+00 
 3.70000000e-05  1.72277753e+00 
 3.80000000e-05  1.72409033e+00 
 3.90000000e-05  1.72537448e+00 
 4.00000000e-05  1.72662979e+00 
 4.10000000e-05  1.72785611e+00 
 4.20000000e-05  1.72905331e+00 
 4.30000000e-05  1.73022132e+00 
 4.40000000e-05  1.73136013e+00 
 4.50000000e-05  1.73246973e+00 
 4.60000000e-05  1.73355017e+00 
 4.70000000e-05  1.73460154e+00 
 4.80000000e-05  1.73562397e+00 
 4.90000000e-05  1.73661762e+00 
 5.00000000e-05  1.73758268e+00 
 0.00000000e+00  1.66329480e+00 
 1.00000000e-06  1.66519717e+00 
 2.00000000e-06  1.66709915e+00 
 3.00000000e-06  1.66899854e+00 
 4.00000000e-06  1.67089434e+00 
 5.00000000e-06  1.67278553e+00 
 6.00000000e-06  1.67467109e+00 
 7.00000000e-06  1.67655002e+00 
 8.00000000e-06  1.67842130e+00 
 9.00000000e-06  1.68028393e+00 
 1.00000000e-05  1.68213689e+00 
 1.10000000e-05  1.68397920e+00 
 1.20000000e-05  1.68580987e+00 
 1.30000000e-05  1.68762793e+00 
 1.40000000e-05  1.68943241e+00 
 1.50000000e-05  1.69122237e+00 
 1.60000000e-05  1.69299688e+00 
 1.70000000e-05  1.69475501e+00 
 1.80000000e-05  1.69649590e+00 
 1.90000000e-05  1.69821865e+00 
 2.00000000e-05  1.69992243e+00 
 2.10000000e-05  1.70160642e+00 
 2.20000000e-05  1.70326981e+00 
 2.30000000e-05  1.70491185e+00 
 2.40000000e-05  1.70653181e+00 
 2.50000000e-05  1.70812896e+00 
 2.60000000e-05  1.70970266e+00 
 2.70000000e-05  1.71125225e+00 
 2.80000000e-05  1.71277713e+00 
 2.90000000e-05  1.71427675e+00 
 3.00000000e-05  1.71575058e+00 
 3.10000000e-05  1.71719812e+00 
 3.20000000e-05  1.71861893e+00 
 3.30000000e-05  1.72001259e+00 
 3.40000000e-05  1.72137875e+00 
 3.50000000e-05  1.72271707e+00 
 3.60000000e-05  1.72402727e+00 
 3.70000000e-05  1.72530910e+00 
 3.80000000e-05  1.72656236e+00 
 3.90000000e-05  1.72778688e+00 
 4.00000000e-05  1.72898255e+00 
 4.10000000e-05  1.73014929e+00 
 4.20000000e-05  1.73128706e+00 
 4.30000000e-05  1.73239586e+00 
 4.40000000e-05  1.73347573e+00 
 4.50000000e-05  1.73452674e+00 
 4.60000000e-05  1.73554902e+00 
 4.70000000e-05  1.73654271e+00 
 4.80000000e-05  1.73750801e+00 
 4.90000000e-05  1.73844512e+00 
 5.00000000e-05  1.73935431e+00 
 0.00000000e+00  1.66730947e+00 
 1.00000000e-06  1.66919799e+00 
 2.00000000e-06  1.67108340e+00 
 3.00000000e-06  1.67296427e+00 
 4.00000000e-06  1.67483959e+00 
 5.00000000e-06  1.67670837e+00 
 6.00000000e-06  1.67856961e+00 
 7.00000000e-06  1.68042231e+00 
 8.00000000e-06  1.68226549e+00 
 9.00000000e-06  1.68409816e+00 
 1.00000000e-05  1.68591936e+00 
 1.10000000e-05  1.68772812e+00 
 1.20000000e-05  1.68952348e+00 
 1.30000000e-05  1.69130453e+00 
 1.40000000e-05  1.69307033e+00 
 1.50000000e-05  1.69481998e+00 
 1.60000000e-05  1.69655261e+00 
 1.70000000e-05  1.69826736e+00 
 1.80000000e-05  1.69996338e+00 
 1.90000000e-05  1.70163986e+00 
 2.00000000e-05  1.70329601e+00 
 2.10000000e-05  1.70493108e+00 
 2.20000000e-05  1.70654434e+00 
 2.30000000e-05  1.70813509e+00 
 2.40000000e-05  1.70970266e+00 
 2.50000000e-05  1.71124641e+00 
 2.60000000e-05  1.71276575e+00 
 2.70000000e-05  1.71426012e+00 
 2.80000000e-05  1.71572900e+00 
 2.90000000e-05  1.71717188e+00 
 3.00000000e-05  1.71858832e+00 
 3.10000000e-05  1.71997792e+00 
 3.20000000e-05  1.72134030e+00 
 3.30000000e-05  1.72267513e+00 
 3.40000000e-05  1.72398212e+00 
 3.50000000e-05  1.72526102e+00 
 3.60000000e-05  1.72651163e+00 
 3.70000000e-05  1.72773378e+00 
 3.80000000e-05  1.72892733e+00 
 3.90000000e-05  1.73009221e+00 
 4.00000000e-05  1.73122837e+00 
 4.10000000e-05  1.73233581e+00 
 4.20000000e-05  1.73341454e+00 
 4.30000000e-05  1.73446465e+00 
 4.40000000e-05  1.73548624e+00 
 4.50000000e-05  1.73647945e+00 
 4.60000000e-05  1.73744446e+00 
 4.70000000e-05  1.73838148e+00 
 4.80000000e-05  1.73929075e+00 
 4.90000000e-05  1.74017255e+00 
 5.00000000e-05  1.74102717e+00 
 0.00000000e+00  1.67130648e+00 
 1.00000000e-06  1.67317658e+00 
 2.00000000e-06  1.67504135e+00 
 3.00000000e-06  1.67689964e+00 
 4.00000000e-06  1.67875048e+00 
 5.00000000e-06  1.68059290e+00 
 6.00000000e-06  1.68242591e+00 
 7.00000000e-06  1.68424855e+00 
 8.00000000e-06  1.68605985e+00 
 9.00000000e-06  1.68785888e+00 
 1.00000000e-05  1.68964470e+00 
 1.10000000e-05  1.69141637e+00 
 1.20000000e-05  1.69317300e+00 
 1.30000000e-05  1.69491369e+00 
 1.40000000e-05  1.69663757e+00 
 1.50000000e-05  1.69834380e+00 
 1.60000000e-05  1.70003154e+00 
 1.70000000e-05  1.70169998e+00 
 1.80000000e-05  1.70334836e+00 
 1.90000000e-05  1.70497592e+00 
 2.00000000e-05  1.70658193e+00 
 2.10000000e-05  1.70816570e+00 
 2.20000000e-05  1.70972657e+00 
 2.30000000e-05  1.71126391e+00 
 2.40000000e-05  1.71277713e+00 
 2.50000000e-05  1.71426567e+00 
 2.60000000e-05  1.71572900e+00 
 2.70000000e-05  1.71716663e+00 
 2.80000000e-05  1.71857811e+00 
 2.90000000e-05  1.71996305e+00 
 3.00000000e-05  1.72132105e+00 
 3.10000000e-05  1.72265179e+00 
 3.20000000e-05  1.72395499e+00 
 3.30000000e-05  1.72523037e+00 
 3.40000000e-05  1.72647774e+00 
 3.50000000e-05  1.72769693e+00 
 3.60000000e-05  1.72888779e+00 
 3.70000000e-05  1.73005024e+00 
 3.80000000e-05  1.73118422e+00 
 3.90000000e-05  1.73228973e+00 
 4.00000000e-05  1.73336678e+00 
 4.10000000e-05  1.73441544e+00 
 4.20000000e-05  1.73543580e+00 
 4.30000000e-05  1.73642800e+00 
 4.40000000e-05  1.73739221e+00 
 4.50000000e-05  1.73832863e+00 
 4.60000000e-05  1.73923749e+00 
 4.70000000e-05  1.74011905e+00 
 4.80000000e-05  1.74097362e+00 
 4.90000000e-05  1.74180150e+00 
 5.00000000e-05  1.74260306e+00 
 0.00000000e+00  1.67527611e+00 
 1.00000000e-06  1.67712359e+00 
 2.00000000e-06  1.67896369e+00 
 3.00000000e-06  1.68079546e+00 
 4.00000000e-06  1.68261793e+00 
 5.00000000e-06  1.68443014e+00 
 6.00000000e-06  1.68623116e+00 
 7.00000000e-06  1.68802004e+00 
 8.00000000e-06  1.68979587e+00 
 9.00000000e-06  1.69155772e+00 
 1.00000000e-05  1.69330472e+00 
 1.10000000e-05  1.69503598e+00 
 1.20000000e-05  1.69675063e+00 
 1.30000000e-05  1.69844784e+00 
 1.40000000e-05  1.70012679e+00 
 1.50000000e-05  1.70178669e+00 
 1.60000000e-05  1.70342676e+00 
 1.70000000e-05  1.70504627e+00 
 1.80000000e-05  1.70664449e+00 
 1.90000000e-05  1.70822073e+00 
 2.00000000e-05  1.70977435e+00 
 2.10000000e-05  1.71130472e+00 
 2.20000000e-05  1.71281124e+00 
 2.30000000e-05  1.71429337e+00 
 2.40000000e-05  1.71575058e+00 
 2.50000000e-05  1.71718238e+00 
 2.60000000e-05  1.71858832e+00 
 2.70000000e-05  1.71996800e+00 
 2.80000000e-05  1.72132105e+00 
 2.90000000e-05  1.72264712e+00 
 3.00000000e-05  1.72394593e+00 
 3.10000000e-05  1.72521722e+00 
 3.20000000e-05  1.72646078e+00 
 3.30000000e-05  1.72767642e+00 
 3.40000000e-05  1.72886402e+00 
 3.50000000e-05  1.73002348e+00 
 3.60000000e-05  1.73115473e+00 
 3.70000000e-05  1.73225775e+00 
 3.80000000e-05  1.73333257e+00 
 3.90000000e-05  1.73437924e+00 
 4.00000000e-05  1.73539785e+00 
 4.10000000e-05  1.73638852e+00 
 4.20000000e-05  1.73735142e+00 
 4.30000000e-05  1.73828673e+00 
 4.40000000e-05  1.73919469e+00 
 4.50000000e-05  1.74007554e+00 
 4.60000000e-05  1.74092958e+00 
 4.70000000e-05  1.74175710e+00 
 4.80000000e-05  1.74255846e+00 
 4.90000000e-05  1.74333401e+00 
 5.00000000e-05  1.74408414e+00 
 0.00000000e+00  1.67921164e+00 
 1.00000000e-06  1.68102972e+00 
 2.00000000e-06  1.68284128e+00 
 3.00000000e-06  1.68464269e+00 
 4.00000000e-06  1.68643302e+00 
 5.00000000e-06  1.68821134e+00 
 6.00000000e-06  1.68997676e+00 
 7.00000000e-06  1.69172837e+00 
 8.00000000e-06  1.69346528e+00 
 9.00000000e-06  1.69518664e+00 
 1.00000000e-05  1.69689159e+00 
 1.10000000e-05  1.69857931e+00 
 1.20000000e-05  1.70024898e+00 
 1.30000000e-05  1.70189982e+00 
 1.40000000e-05  1.70353108e+00 
 1.50000000e-05  1.70514200e+00 
 1.60000000e-05  1.70673190e+00 
 1.70000000e-05  1.70830008e+00 
 1.80000000e-05  1.70984590e+00 
 1.90000000e-05  1.71136874e+00 
 2.00000000e-05  1.71286802e+00 
 2.10000000e-05  1.71434317e+00 
 2.20000000e-05  1.71579369e+00 
 2.30000000e-05  1.71721909e+00 
 2.40000000e-05  1.71861893e+00 
 2.50000000e-05  1.71999279e+00 
 2.60000000e-05  1.72134030e+00 
 2.70000000e-05  1.72266113e+00 
 2.80000000e-05  1.72395499e+00 
 2.90000000e-05  1.72522161e+00 
 3.00000000e-05  1.72646078e+00 
 3.10000000e-05  1.72767232e+00 
 3.20000000e-05  1.72885609e+00 
 3.30000000e-05  1.73001199e+00 
 3.40000000e-05  1.73113996e+00 
 3.50000000e-05  1.73223996e+00 
 3.60000000e-05  1.73331201e+00 
 3.70000000e-05  1.73435616e+00 
 3.80000000e-05  1.73537249e+00 
 3.90000000e-05  1.73636112e+00 
 4.00000000e-05  1.73732220e+00 
 4.10000000e-05  1.73825591e+00 
 4.20000000e-05  1.73916248e+00 
 4.30000000e-05  1.74004214e+00 
 4.40000000e-05  1.74089518e+00 
 4.50000000e-05  1.74172189e+00 
 4.60000000e-05  1.74252261e+00 
 4.70000000e-05  1.74329769e+00 
 4.80000000e-05  1.74404750e+00 
 4.90000000e-05  1.74477245e+00 
 5.00000000e-05  1.74547295e+00 
 0.00000000e+00  1.68309567e+00 
 1.00000000e-06  1.68488589e+00 
 2.00000000e-06  1.68666514e+00 
 3.00000000e-06  1.68843251e+00 
 4.00000000e-06  1.69018710e+00 
 5.00000000e-06  1.69192803e+00 
 6.00000000e-06  1.69365442e+00 
 7.00000000e-06  1.69536543e+00 
 8.00000000e-06  1.69706022e+00 
 9.00000000e-06  1.69873797e+00 
 1.00000000e-05  1.70039788e+00 
 1.10000000e-05  1.70203917e+00 
 1.20000000e-05  1.70366110e+00 
 1.30000000e-05  1.70526295e+00 
 1.40000000e-05  1.70684400e+00 
 1.50000000e-05  1.70840359e+00 
 1.60000000e-05  1.70994108e+00 
 1.70000000e-05  1.71145586e+00 
 1.80000000e-05  1.71294734e+00 
 1.90000000e-05  1.71441497e+00 
 2.00000000e-05  1.71585825e+00 
 2.10000000e-05  1.71727669e+00 
 2.20000000e-05  1.71866986e+00 
 2.30000000e-05  1.72003733e+00 
 2.40000000e-05  1.72137875e+00 
 2.50000000e-05  1.72269378e+00 
 2.60000000e-05  1.72398212e+00 
 2.70000000e-05  1.72524351e+00 
 2.80000000e-05  1.72647774e+00 
 2.90000000e-05  1.72768463e+00 
 3.00000000e-05  1.72886402e+00 
 3.10000000e-05  1.73001582e+00 
 3.20000000e-05  1.73113996e+00 
 3.30000000e-05  1.73223640e+00 
 3.40000000e-05  1.73330515e+00 
 3.50000000e-05  1.73434626e+00 
 3.60000000e-05  1.73535979e+00 
 3.70000000e-05  1.73634587e+00 
 3.80000000e-05  1.73730463e+00 
 3.90000000e-05  1.73823626e+00 
 4.00000000e-05  1.73914095e+00 
 4.10000000e-05  1.74001896e+00 
 4.20000000e-05  1.74087054e+00 
 4.30000000e-05  1.74169599e+00 
 4.40000000e-05  1.74249563e+00 
 4.50000000e-05  1.74326981e+00 
 4.60000000e-05  1.74401888e+00 
 4.70000000e-05  1.74474325e+00 
 4.80000000e-05  1.74544332e+00 
 4.90000000e-05  1.74611952e+00 
 5.00000000e-05  1.74677229e+00 
 0.00000000e+00  1.68692766e+00 
 1.00000000e-06  1.68868321e+00 
 2.00000000e-06  1.69042656e+00 
 3.00000000e-06  1.69215640e+00 
 4.00000000e-06  1.69387184e+00 
 5.00000000e-06  1.69557206e+00 
 6.00000000e-06  1.69725623e+00 
 7.00000000e-06  1.69892355e+00 
 8.00000000e-06  1.70057322e+00 
 9.00000000e-06  1.70220449e+00 
 1.00000000e-05  1.70381661e+00 
 1.10000000e-05  1.70540887e+00 
 1.20000000e-05  1.70698057e+00 
 1.30000000e-05  1.70853106e+00 
 1.40000000e-05  1.71005970e+00 
 1.50000000e-05  1.71156588e+00 
 1.60000000e-05  1.71304903e+00 
 1.70000000e-05  1.71450861e+00 
 1.80000000e-05  1.71594411e+00 
 1.90000000e-05  1.71735505e+00 
 2.00000000e-05  1.71874100e+00 
 2.10000000e-05  1.72010155e+00 
 2.20000000e-05  1.72143632e+00 
 2.30000000e-05  1.72274499e+00 
 2.40000000e-05  1.72402727e+00 
 2.50000000e-05  1.72528289e+00 
 2.60000000e-05  1.72651163e+00 
 2.70000000e-05  1.72771331e+00 
 2.80000000e-05  1.72888779e+00 
 2.90000000e-05  1.73003495e+00 
 3.00000000e-05  1.73115473e+00 
 3.10000000e-05  1.73224708e+00 
 3.20000000e-05  1.73331201e+00 
 3.30000000e-05  1.73434956e+00 
 3.40000000e-05  1.73535979e+00 
 3.50000000e-05  1.73634282e+00 
 3.60000000e-05  1.73729877e+00 
 3.70000000e-05  1.73822782e+00 
 3.80000000e-05  1.73913017e+00 
 3.90000000e-05  1.74000605e+00 
 4.00000000e-05  1.74085572e+00 
 4.10000000e-05  1.74167947e+00 
 4.20000000e-05  1.74247759e+00 
 4.30000000e-05  1.74325044e+00 
 4.40000000e-05  1.74399837e+00 
 4.50000000e-05  1.74472177e+00 
 4.60000000e-05  1.74542102e+00 
 4.70000000e-05  1.74609655e+00 
 4.80000000e-05  1.74674880e+00 
 4.90000000e-05  1.74737821e+00 
 5.00000000e-05  1.74798526e+00 
 0.00000000e+00  1.69069665e+00 
 1.00000000e-06  1.69241311e+00 
 2.00000000e-06  1.69411719e+00 
 3.00000000e-06  1.69580619e+00 
 4.00000000e-06  1.69747930e+00 
 5.00000000e-06  1.69913573e+00 
 6.00000000e-06  1.70077471e+00 
 7.00000000e-06  1.70239547e+00 
 8.00000000e-06  1.70399730e+00 
 9.00000000e-06  1.70557949e+00 
 1.00000000e-05  1.70714135e+00 
 1.10000000e-05  1.70868224e+00 
 1.20000000e-05  1.71020151e+00 
 1.30000000e-05  1.71169859e+00 
 1.40000000e-05  1.71317289e+00 
 1.50000000e-05  1.71462389e+00 
 1.60000000e-05  1.71605109e+00 
 1.70000000e-05  1.71745400e+00 
 1.80000000e-05  1.71883219e+00 
 1.90000000e-05  1.72018527e+00 
 2.00000000e-05  1.72151287e+00 
 2.10000000e-05  1.72281465e+00 
 2.20000000e-05  1.72409033e+00 
 2.30000000e-05  1.72533964e+00 
 2.40000000e-05  1.72656236e+00 
 2.50000000e-05  1.72775830e+00 
 2.60000000e-05  1.72892733e+00 
 2.70000000e-05  1.73006933e+00 
 2.80000000e-05  1.73118422e+00 
 2.90000000e-05  1.73227197e+00 
 3.00000000e-05  1.73333257e+00 
 3.10000000e-05  1.73436606e+00 
 3.20000000e-05  1.73537249e+00 
 3.30000000e-05  1.73635197e+00 
 3.40000000e-05  1.73730463e+00 
 3.50000000e-05  1.73823063e+00 
 3.60000000e-05  1.73913017e+00 
 3.70000000e-05  1.74000347e+00 
 3.80000000e-05  1.74085078e+00 
 3.90000000e-05  1.74167238e+00 
 4.00000000e-05  1.74246856e+00 
 4.10000000e-05  1.74323967e+00 
 4.20000000e-05  1.74398604e+00 
 4.30000000e-05  1.74470806e+00 
 4.40000000e-05  1.74540611e+00 
 4.50000000e-05  1.74608060e+00 
 4.60000000e-05  1.74673196e+00 
 4.70000000e-05  1.74736063e+00 
 4.80000000e-05  1.74796707e+00 
 4.90000000e-05  1.74855175e+00 
 5.00000000e-05  1.74911515e+00 
 0.00000000e+00  1.69439006e+00 
 1.00000000e-06  1.69606742e+00 
 2.00000000e-06  1.69772904e+00 
 3.00000000e-06  1.69937414e+00 
 4.00000000e-06  1.70100197e+00 
 5.00000000e-06  1.70261178e+00 
 6.00000000e-06  1.70420286e+00 
 7.00000000e-06  1.70577450e+00 
 8.00000000e-06  1.70732603e+00 
 9.00000000e-06  1.70885682e+00 
 1.00000000e-05  1.71036624e+00 
 1.10000000e-05  1.71185371e+00 
 1.20000000e-05  1.71331867e+00 
 1.30000000e-05  1.71476058e+00 
 1.40000000e-05  1.71617895e+00 
 1.50000000e-05  1.71757331e+00 
 1.60000000e-05  1.71894324e+00 
 1.70000000e-05  1.72028833e+00 
 1.80000000e-05  1.72160823e+00 
 1.90000000e-05  1.72290259e+00 
 2.00000000e-05  1.72417114e+00 
 2.10000000e-05  1.72541362e+00 
 2.20000000e-05  1.72662979e+00 
 2.30000000e-05  1.72781949e+00 
 2.40000000e-05  1.72898255e+00 
 2.50000000e-05  1.73011887e+00 
 2.60000000e-05  1.73122837e+00 
 2.70000000e-05  1.73231101e+00 
 2.80000000e-05  1.73336678e+00 
 2.90000000e-05  1.73439571e+00 
 3.00000000e-05  1.73539785e+00 
 3.10000000e-05  1.73637331e+00 
 3.20000000e-05  1.73732220e+00 
 3.30000000e-05  1.73824468e+00 
 3.40000000e-05  1.73914095e+00 
 3.50000000e-05  1.74001122e+00 
 3.60000000e-05  1.74085572e+00 
 3.70000000e-05  1.74167474e+00 
 3.80000000e-05  1.74246856e+00 
 3.90000000e-05  1.74323751e+00 
 4.00000000e-05  1.74398193e+00 
 4.10000000e-05  1.74470218e+00 
 4.20000000e-05  1.74539864e+00 
 4.30000000e-05  1.74607172e+00 
 4.40000000e-05  1.74672183e+00 
 4.50000000e-05  1.74734942e+00 
 4.60000000e-05  1.74795492e+00 
 4.70000000e-05  1.74853879e+00 
 4.80000000e-05  1.74910151e+00 
 4.90000000e-05  1.74964356e+00 
 5.00000000e-05  1.75016543e+00 
 0.00000000e+00  1.69800503e+00 
 1.00000000e-06  1.69963837e+00 
 2.00000000e-06  1.70125461e+00 
 3.00000000e-06  1.70285302e+00 
 4.00000000e-06  1.70443288e+00 
 5.00000000e-06  1.70599351e+00 
 6.00000000e-06  1.70753425e+00 
 7.00000000e-06  1.70905447e+00 
 8.00000000e-06  1.71055356e+00 
 9.00000000e-06  1.71203093e+00 
 1.00000000e-05  1.71348604e+00 
 1.10000000e-05  1.71491837e+00 
 1.20000000e-05  1.71632742e+00 
 1.30000000e-05  1.71771273e+00 
 1.40000000e-05  1.71907388e+00 
 1.50000000e-05  1.72041048e+00 
 1.60000000e-05  1.72172216e+00 
 1.70000000e-05  1.72300861e+00 
 1.80000000e-05  1.72426952e+00 
 1.90000000e-05  1.72550465e+00 
 2.00000000e-05  1.72671378e+00 
 2.10000000e-05  1.72789671e+00 
 2.20000000e-05  1.72905331e+00 
 2.30000000e-05  1.73018345e+00 
 2.40000000e-05  1.73128706e+00 
 2.50000000e-05  1.73236409e+00 
 2.60000000e-05  1.73341454e+00 
 2.70000000e-05  1.73443843e+00 
 2.80000000e-05  1.73543580e+00 
 2.90000000e-05  1.73640676e+00 
 3.00000000e-05  1.73735142e+00 
 3.10000000e-05  1.73826993e+00 
 3.20000000e-05  1.73916248e+00 
 3.30000000e-05  1.74002927e+00 
 3.40000000e-05  1.74087054e+00 
 3.50000000e-05  1.74168655e+00 
 3.60000000e-05  1.74247759e+00 
 3.70000000e-05  1.74324398e+00 
 3.80000000e-05  1.74398604e+00 
 3.90000000e-05  1.74470414e+00 
 4.00000000e-05  1.74539864e+00 
 4.10000000e-05  1.74606994e+00 
 4.20000000e-05  1.74671845e+00 
 4.30000000e-05  1.74734460e+00 
 4.40000000e-05  1.74794883e+00 
 4.50000000e-05  1.74853157e+00 
 4.60000000e-05  1.74909331e+00 
 4.70000000e-05  1.74963452e+00 
 4.80000000e-05  1.75015566e+00 
 4.90000000e-05  1.75065723e+00 
 5.00000000e-05  1.75113973e+00 
 0.00000000e+00  1.70153219e+00 
 1.00000000e-06  1.70311875e+00 
 2.00000000e-06  1.70468695e+00 
 3.00000000e-06  1.70623612e+00 
 4.00000000e-06  1.70776561e+00 
 5.00000000e-06  1.70927480e+00 
 6.00000000e-06  1.71076308e+00 
 7.00000000e-06  1.71222989e+00 
 8.00000000e-06  1.71367467e+00 
 9.00000000e-06  1.71509693e+00 
 1.00000000e-05  1.71649617e+00 
 1.10000000e-05  1.71787195e+00 
 1.20000000e-05  1.71922383e+00 
 1.30000000e-05  1.72055144e+00 
 1.40000000e-05  1.72185442e+00 
 1.50000000e-05  1.72313244e+00 
 1.60000000e-05  1.72438523e+00 
 1.70000000e-05  1.72561252e+00 
 1.80000000e-05  1.72681409e+00 
 1.90000000e-05  1.72798978e+00 
 2.00000000e-05  1.72913941e+00 
 2.10000000e-05  1.73026289e+00 
 2.20000000e-05  1.73136013e+00 
 2.30000000e-05  1.73243108e+00 
 2.40000000e-05  1.73347573e+00 
 2.50000000e-05  1.73449410e+00 
 2.60000000e-05  1.73548624e+00 
 2.70000000e-05  1.73645224e+00 
 2.80000000e-05  1.73739221e+00 
 2.90000000e-05  1.73830630e+00 
 3.00000000e-05  1.73919469e+00 
 3.10000000e-05  1.74005757e+00 
 3.20000000e-05  1.74089518e+00 
 3.30000000e-05  1.74170777e+00 
 3.40000000e-05  1.74249563e+00 
 3.50000000e-05  1.74325905e+00 
 3.60000000e-05  1.74399837e+00 
 3.70000000e-05  1.74471394e+00 
 3.80000000e-05  1.74540611e+00 
 3.90000000e-05  1.74607527e+00 
 4.00000000e-05  1.74672183e+00 
 4.10000000e-05  1.74734621e+00 
 4.20000000e-05  1.74794883e+00 
 4.30000000e-05  1.74853013e+00 
 4.40000000e-05  1.74909058e+00 
 4.50000000e-05  1.74963063e+00 
 4.60000000e-05  1.75015076e+00 
 4.70000000e-05  1.75065146e+00 
 4.80000000e-05  1.75113319e+00 
 4.90000000e-05  1.75159647e+00 
 5.00000000e-05  1.75204177e+00 
 0.00000000e+00  1.70496502e+00 
 1.00000000e-06  1.70650187e+00 
 2.00000000e-06  1.70801967e+00 
 3.00000000e-06  1.70951737e+00 
 4.00000000e-06  1.71099439e+00 
 5.00000000e-06  1.71245017e+00 
 6.00000000e-06  1.71388417e+00 
 7.00000000e-06  1.71529589e+00 
 8.00000000e-06  1.71668485e+00 
 9.00000000e-06  1.71805061e+00 
 1.00000000e-05  1.71939275e+00 
 1.10000000e-05  1.72071089e+00 
 1.20000000e-05  1.72200468e+00 
 1.30000000e-05  1.72327381e+00 
 1.40000000e-05  1.72451798e+00 
 1.50000000e-05  1.72573695e+00 
 1.60000000e-05  1.72693050e+00 
 1.70000000e-05  1.72809845e+00 
 1.80000000e-05  1.72924066e+00 
 1.90000000e-05  1.73035699e+00 
 2.00000000e-05  1.73144738e+00 
 2.10000000e-05  1.73251178e+00 
 2.20000000e-05  1.73355017e+00 
 2.30000000e-05  1.73456256e+00 
 2.40000000e-05  1.73554902e+00 
 2.50000000e-05  1.73650961e+00 
 2.60000000e-05  1.73744446e+00 
 2.70000000e-05  1.73835369e+00 
 2.80000000e-05  1.73923749e+00 
 2.90000000e-05  1.74009604e+00 
 3.00000000e-05  1.74092958e+00 
 3.10000000e-05  1.74173834e+00 
 3.20000000e-05  1.74252261e+00 
 3.30000000e-05  1.74328269e+00 
 3.40000000e-05  1.74401888e+00 
 3.50000000e-05  1.74473154e+00 
 3.60000000e-05  1.74542102e+00 
 3.70000000e-05  1.74608769e+00 
 3.80000000e-05  1.74673196e+00 
 3.90000000e-05  1.74735423e+00 
 4.00000000e-05  1.74795491e+00 
 4.10000000e-05  1.74853446e+00 
 4.20000000e-05  1.74909331e+00 
 4.30000000e-05  1.74963193e+00 
 4.40000000e-05  1.75015076e+00 
 4.50000000e-05  1.75065030e+00 
 4.60000000e-05  1.75113101e+00 
 4.70000000e-05  1.75159338e+00 
 4.80000000e-05  1.75203789e+00 
 4.90000000e-05  1.75246503e+00 
 5.00000000e-05  1.75287530e+00 
 0.00000000e+00  1.70829593e+00 
 1.00000000e-06  1.70978170e+00 
 2.00000000e-06  1.71124702e+00 
 3.00000000e-06  1.71269133e+00 
 4.00000000e-06  1.71411409e+00 
 5.00000000e-06  1.71551482e+00 
 6.00000000e-06  1.71689305e+00 
 7.00000000e-06  1.71824833e+00 
 8.00000000e-06  1.71958027e+00 
 9.00000000e-06  1.72088848e+00 
 1.00000000e-05  1.72217262e+00 
 1.10000000e-05  1.72343237e+00 
 1.20000000e-05  1.72466747e+00 
 1.30000000e-05  1.72587765e+00 
 1.40000000e-05  1.72706271e+00 
 1.50000000e-05  1.72822247e+00 
 1.60000000e-05  1.72935677e+00 
 1.70000000e-05  1.73046551e+00 
 1.80000000e-05  1.73154860e+00 
 1.90000000e-05  1.73260599e+00 
 2.00000000e-05  1.73363767e+00 
 2.10000000e-05  1.73464364e+00 
 2.20000000e-05  1.73562397e+00 
 2.30000000e-05  1.73657872e+00 
 2.40000000e-05  1.73750801e+00 
 2.50000000e-05  1.73841196e+00 
 2.60000000e-05  1.73929075e+00 
 2.70000000e-05  1.74014456e+00 
 2.80000000e-05  1.74097362e+00 
 2.90000000e-05  1.74177816e+00 
 3.00000000e-05  1.74255846e+00 
 3.10000000e-05  1.74331480e+00 
 3.20000000e-05  1.74404750e+00 
 3.30000000e-05  1.74475689e+00 
 3.40000000e-05  1.74544332e+00 
 3.50000000e-05  1.74610716e+00 
 3.60000000e-05  1.74674880e+00 
 3.70000000e-05  1.74736863e+00 
 3.80000000e-05  1.74796707e+00 
 3.90000000e-05  1.74854455e+00 
 4.00000000e-05  1.74910151e+00 
 4.10000000e-05  1.74963840e+00 
 4.20000000e-05  1.75015566e+00 
 4.30000000e-05  1.75065377e+00 
 4.40000000e-05  1.75113319e+00 
 4.50000000e-05  1.75159441e+00 
 4.60000000e-05  1.75203789e+00 
 4.70000000e-05  1.75246412e+00 
 4.80000000e-05  1.75287358e+00 
 4.90000000e-05  1.75326676e+00 
 5.00000000e-05  1.75364413e+00 
 0.00000000e+00  1.71152048e+00 
 1.00000000e-06  1.71295287e+00 
 2.00000000e-06  1.71436396e+00 
 3.00000000e-06  1.71575326e+00 
 4.00000000e-06  1.71712031e+00 
 5.00000000e-06  1.71846467e+00 
 6.00000000e-06  1.71978595e+00 
 7.00000000e-06  1.72108378e+00 
 8.00000000e-06  1.72235782e+00 
 9.00000000e-06  1.72360776e+00 
 1.00000000e-05  1.72483333e+00 
 1.10000000e-05  1.72603428e+00 
 1.20000000e-05  1.72721040e+00 
 1.30000000e-05  1.72836151e+00 
 1.40000000e-05  1.72948747e+00 
 1.50000000e-05  1.73058816e+00 
 1.60000000e-05  1.73166350e+00 
 1.70000000e-05  1.73271345e+00 
 1.80000000e-05  1.73373798e+00 
 1.90000000e-05  1.73473711e+00 
 2.00000000e-05  1.73571088e+00 
 2.10000000e-05  1.73665937e+00 
 2.20000000e-05  1.73758268e+00 
 2.30000000e-05  1.73848094e+00 
 2.40000000e-05  1.73935431e+00 
 2.50000000e-05  1.74020299e+00 
 2.60000000e-05  1.74102717e+00 
 2.70000000e-05  1.74182711e+00 
 2.80000000e-05  1.74260306e+00 
 2.90000000e-05  1.74335530e+00 
 3.00000000e-05  1.74408414e+00 
 3.10000000e-05  1.74478991e+00 
 3.20000000e-05  1.74547295e+00 
 3.30000000e-05  1.74613362e+00 
 3.40000000e-05  1.74677229e+00 
 3.50000000e-05  1.74738937e+00 
 3.60000000e-05  1.74798526e+00 
 3.70000000e-05  1.74856037e+00 
 3.80000000e-05  1.74911515e+00 
 3.90000000e-05  1.74965002e+00 
 4.00000000e-05  1.75016543e+00 
 4.10000000e-05  1.75066185e+00 
 4.20000000e-05  1.75113973e+00 
 4.30000000e-05  1.75159955e+00 
 4.40000000e-05  1.75204177e+00 
 4.50000000e-05  1.75246686e+00 
 4.60000000e-05  1.75287530e+00 
 4.70000000e-05  1.75326756e+00 
 4.80000000e-05  1.75364413e+00 
 4.90000000e-05  1.75400547e+00 
 5.00000000e-05  1.75435205e+00 
