 1.45000000e+00  1.54245934e+00 
 1.46000000e+00  1.54266590e+00 
 1.47000000e+00  1.54294157e+00 
 1.48000000e+00  1.54324060e+00 
 1.49000000e+00  1.54358327e+00 
 1.50000000e+00  1.54397365e+00 
 1.51000000e+00  1.54441558e+00 
 1.52000000e+00  1.54491288e+00 
 1.53000000e+00  1.54546923e+00 
 1.54000000e+00  1.54608827e+00 
 1.55000000e+00  1.54677357e+00 
 1.56000000e+00  1.54752875e+00 
 1.57000000e+00  1.54835749e+00 
 1.58000000e+00  1.54926368e+00 
 1.59000000e+00  1.55025147e+00 
 1.60000000e+00  1.55132537e+00 
 1.61000000e+00  1.55249034e+00 
 1.62000000e+00  1.55375193e+00 
 1.63000000e+00  1.55511625e+00 
 1.64000000e+00  1.55659014e+00 
 1.65000000e+00  1.55818112e+00 
 1.66000000e+00  1.55989745e+00 
 1.67000000e+00  1.56174805e+00 
 1.68000000e+00  1.56374245e+00 
 1.69000000e+00  1.56589062e+00 
 1.70000000e+00  1.56820277e+00 
 1.71000000e+00  1.57068897e+00 
 1.72000000e+00  1.57335873e+00 
 1.73000000e+00  1.57622044e+00 
 1.74000000e+00  1.57928063e+00 
 1.75000000e+00  1.58254310e+00 
 1.76000000e+00  1.58600793e+00 
 1.77000000e+00  1.58967042e+00 
 1.78000000e+00  1.59352000e+00 
 1.79000000e+00  1.59753918e+00 
 1.80000000e+00  1.60170286e+00 
 1.81000000e+00  1.60597791e+00 
 1.82000000e+00  1.61032339e+00 
 1.83000000e+00  1.61469143e+00 
 1.84000000e+00  1.61902892e+00 
 1.85000000e+00  1.62327995e+00 
 1.45000000e+00  1.54294168e+00 
 1.46000000e+00  1.54319833e+00 
 1.47000000e+00  1.54354009e+00 
 1.48000000e+00  1.54391027e+00 
 1.49000000e+00  1.54433361e+00 
 1.50000000e+00  1.54481471e+00 
 1.51000000e+00  1.54535786e+00 
 1.52000000e+00  1.54596717e+00 
 1.53000000e+00  1.54664658e+00 
 1.54000000e+00  1.54739985e+00 
 1.55000000e+00  1.54823060e+00 
 1.56000000e+00  1.54914243e+00 
 1.57000000e+00  1.55013896e+00 
 1.58000000e+00  1.55122398e+00 
 1.59000000e+00  1.55240149e+00 
 1.60000000e+00  1.55367590e+00 
 1.61000000e+00  1.55505202e+00 
 1.62000000e+00  1.55653526e+00 
 1.63000000e+00  1.55813161e+00 
 1.64000000e+00  1.55984773e+00 
 1.65000000e+00  1.56169098e+00 
 1.66000000e+00  1.56366939e+00 
 1.67000000e+00  1.56579156e+00 
 1.68000000e+00  1.56806662e+00 
 1.69000000e+00  1.57050397e+00 
 1.70000000e+00  1.57311303e+00 
 1.71000000e+00  1.57590286e+00 
 1.72000000e+00  1.57888168e+00 
 1.73000000e+00  1.58205622e+00 
 1.74000000e+00  1.58543098e+00 
 1.75000000e+00  1.58900732e+00 
 1.76000000e+00  1.59278252e+00 
 1.77000000e+00  1.59674869e+00 
 1.78000000e+00  1.60089178e+00 
 1.79000000e+00  1.60519070e+00 
 1.80000000e+00  1.60961671e+00 
 1.81000000e+00  1.61413328e+00 
 1.82000000e+00  1.61869653e+00 
 1.83000000e+00  1.62325632e+00 
 1.84000000e+00  1.62775819e+00 
 1.85000000e+00  1.63214588e+00 
 1.45000000e+00  1.54358328e+00 
 1.46000000e+00  1.54390569e+00 
 1.47000000e+00  1.54433347e+00 
 1.48000000e+00  1.54479595e+00 
 1.49000000e+00  1.54532335e+00 
 1.50000000e+00  1.54592080e+00 
 1.51000000e+00  1.54659295e+00 
 1.52000000e+00  1.54734414e+00 
 1.53000000e+00  1.54817836e+00 
 1.54000000e+00  1.54909931e+00 
 1.55000000e+00  1.55011047e+00 
 1.56000000e+00  1.55121516e+00 
 1.57000000e+00  1.55241671e+00 
 1.58000000e+00  1.55371853e+00 
 1.59000000e+00  1.55512426e+00 
 1.60000000e+00  1.55663788e+00 
 1.61000000e+00  1.55826383e+00 
 1.62000000e+00  1.56000709e+00 
 1.63000000e+00  1.56187326e+00 
 1.64000000e+00  1.56386857e+00 
 1.65000000e+00  1.56599990e+00 
 1.66000000e+00  1.56827475e+00 
 1.67000000e+00  1.57070109e+00 
 1.68000000e+00  1.57328729e+00 
 1.69000000e+00  1.57604180e+00 
 1.70000000e+00  1.57897290e+00 
 1.71000000e+00  1.58208822e+00 
 1.72000000e+00  1.58539425e+00 
 1.73000000e+00  1.58889562e+00 
 1.74000000e+00  1.59259441e+00 
 1.75000000e+00  1.59648916e+00 
 1.76000000e+00  1.60057399e+00 
 1.77000000e+00  1.60483758e+00 
 1.78000000e+00  1.60926227e+00 
 1.79000000e+00  1.61382336e+00 
 1.80000000e+00  1.61848867e+00 
 1.81000000e+00  1.62321863e+00 
 1.82000000e+00  1.62796697e+00 
 1.83000000e+00  1.63268204e+00 
 1.84000000e+00  1.63730890e+00 
 1.85000000e+00  1.64179196e+00 
 1.45000000e+00  1.54441558e+00 
 1.46000000e+00  1.54482158e+00 
 1.47000000e+00  1.54535767e+00 
 1.48000000e+00  1.54593588e+00 
 1.49000000e+00  1.54659294e+00 
 1.50000000e+00  1.54733442e+00 
 1.51000000e+00  1.54816516e+00 
 1.52000000e+00  1.54908948e+00 
 1.53000000e+00  1.55011120e+00 
 1.54000000e+00  1.55123367e+00 
 1.55000000e+00  1.55245988e+00 
 1.56000000e+00  1.55379259e+00 
 1.57000000e+00  1.55523446e+00 
 1.58000000e+00  1.55678822e+00 
 1.59000000e+00  1.55845678e+00 
 1.60000000e+00  1.56024343e+00 
 1.61000000e+00  1.56215187e+00 
 1.62000000e+00  1.56418638e+00 
 1.63000000e+00  1.56635182e+00 
 1.64000000e+00  1.56865370e+00 
 1.65000000e+00  1.57109811e+00 
 1.66000000e+00  1.57369169e+00 
 1.67000000e+00  1.57644147e+00 
 1.68000000e+00  1.57935471e+00 
 1.69000000e+00  1.58243859e+00 
 1.70000000e+00  1.58569985e+00 
 1.71000000e+00  1.58914438e+00 
 1.72000000e+00  1.59277659e+00 
 1.73000000e+00  1.59659873e+00 
 1.74000000e+00  1.60061015e+00 
 1.75000000e+00  1.60480640e+00 
 1.76000000e+00  1.60917832e+00 
 1.77000000e+00  1.61371115e+00 
 1.78000000e+00  1.61838380e+00 
 1.79000000e+00  1.62316822e+00 
 1.80000000e+00  1.62802928e+00 
 1.81000000e+00  1.63292505e+00 
 1.82000000e+00  1.63780770e+00 
 1.83000000e+00  1.64262503e+00 
 1.84000000e+00  1.64732273e+00 
 1.85000000e+00  1.65184698e+00 
 1.45000000e+00  1.54546923e+00 
 1.46000000e+00  1.54597824e+00 
 1.47000000e+00  1.54664636e+00 
 1.48000000e+00  1.54736500e+00 
 1.49000000e+00  1.54817834e+00 
 1.50000000e+00  1.54909216e+00 
 1.51000000e+00  1.55011120e+00 
 1.52000000e+00  1.55123947e+00 
 1.53000000e+00  1.55248023e+00 
 1.54000000e+00  1.55383610e+00 
 1.55000000e+00  1.55530920e+00 
 1.56000000e+00  1.55690133e+00 
 1.57000000e+00  1.55861410e+00 
 1.58000000e+00  1.56044917e+00 
 1.59000000e+00  1.56240839e+00 
 1.60000000e+00  1.56449398e+00 
 1.61000000e+00  1.56670861e+00 
 1.62000000e+00  1.56905553e+00 
 1.63000000e+00  1.57153860e+00 
 1.64000000e+00  1.57416229e+00 
 1.65000000e+00  1.57693163e+00 
 1.66000000e+00  1.57985213e+00 
 1.67000000e+00  1.58292960e+00 
 1.68000000e+00  1.58616992e+00 
 1.69000000e+00  1.58957872e+00 
 1.70000000e+00  1.59316101e+00 
 1.71000000e+00  1.59692066e+00 
 1.72000000e+00  1.60085981e+00 
 1.73000000e+00  1.60497820e+00 
 1.74000000e+00  1.60927237e+00 
 1.75000000e+00  1.61373486e+00 
 1.76000000e+00  1.61835336e+00 
 1.77000000e+00  1.62310993e+00 
 1.78000000e+00  1.62798038e+00 
 1.79000000e+00  1.63293392e+00 
 1.80000000e+00  1.63793316e+00 
 1.81000000e+00  1.64293466e+00 
 1.82000000e+00  1.64788999e+00 
 1.83000000e+00  1.65274753e+00 
 1.84000000e+00  1.65745465e+00 
 1.85000000e+00  1.66196041e+00 
 1.45000000e+00  1.54677356e+00 
 1.46000000e+00  1.54740594e+00 
 1.47000000e+00  1.54823035e+00 
 1.48000000e+00  1.54911439e+00 
 1.49000000e+00  1.55011045e+00 
 1.50000000e+00  1.55122419e+00 
 1.51000000e+00  1.55245989e+00 
 1.52000000e+00  1.55382080e+00 
 1.53000000e+00  1.55530921e+00 
 1.54000000e+00  1.55692657e+00 
 1.55000000e+00  1.55867369e+00 
 1.56000000e+00  1.56055094e+00 
 1.57000000e+00  1.56255852e+00 
 1.58000000e+00  1.56469666e+00 
 1.59000000e+00  1.56696579e+00 
 1.60000000e+00  1.56936675e+00 
 1.61000000e+00  1.57190091e+00 
 1.62000000e+00  1.57457024e+00 
 1.63000000e+00  1.57737735e+00 
 1.64000000e+00  1.58032546e+00 
 1.65000000e+00  1.58341834e+00 
 1.66000000e+00  1.58666017e+00 
 1.67000000e+00  1.59005537e+00 
 1.68000000e+00  1.59360827e+00 
 1.69000000e+00  1.59732282e+00 
 1.70000000e+00  1.60120215e+00 
 1.71000000e+00  1.60524803e+00 
 1.72000000e+00  1.60946030e+00 
 1.73000000e+00  1.61383618e+00 
 1.74000000e+00  1.61836952e+00 
 1.75000000e+00  1.62305002e+00 
 1.76000000e+00  1.62786253e+00 
 1.77000000e+00  1.63278633e+00 
 1.78000000e+00  1.63779473e+00 
 1.79000000e+00  1.64285486e+00 
 1.80000000e+00  1.64792792e+00 
 1.81000000e+00  1.65296988e+00 
 1.82000000e+00  1.65793278e+00 
 1.83000000e+00  1.66276657e+00 
 1.84000000e+00  1.66742136e+00 
 1.85000000e+00  1.67185002e+00 
 1.45000000e+00  1.54835749e+00 
 1.46000000e+00  1.54913397e+00 
 1.47000000e+00  1.55013869e+00 
 1.48000000e+00  1.55121257e+00 
 1.49000000e+00  1.55241671e+00 
 1.50000000e+00  1.55375622e+00 
 1.51000000e+00  1.55523448e+00 
 1.52000000e+00  1.55685350e+00 
 1.53000000e+00  1.55861412e+00 
 1.54000000e+00  1.56051611e+00 
 1.55000000e+00  1.56255853e+00 
 1.56000000e+00  1.56473996e+00 
 1.57000000e+00  1.56705878e+00 
 1.58000000e+00  1.56951345e+00 
 1.59000000e+00  1.57210273e+00 
 1.60000000e+00  1.57482585e+00 
 1.61000000e+00  1.57768266e+00 
 1.62000000e+00  1.58067368e+00 
 1.63000000e+00  1.58380012e+00 
 1.64000000e+00  1.58706384e+00 
 1.65000000e+00  1.59046724e+00 
 1.66000000e+00  1.59401310e+00 
 1.67000000e+00  1.59770433e+00 
 1.68000000e+00  1.60154369e+00 
 1.69000000e+00  1.60553341e+00 
 1.70000000e+00  1.60967473e+00 
 1.71000000e+00  1.61396737e+00 
 1.72000000e+00  1.61840895e+00 
 1.73000000e+00  1.62299432e+00 
 1.74000000e+00  1.62771486e+00 
 1.75000000e+00  1.63255777e+00 
 1.76000000e+00  1.63750546e+00 
 1.77000000e+00  1.64253499e+00 
 1.78000000e+00  1.64761782e+00 
 1.79000000e+00  1.65271977e+00 
 1.80000000e+00  1.65780149e+00 
 1.81000000e+00  1.66281931e+00 
 1.82000000e+00  1.66772670e+00 
 1.83000000e+00  1.67247612e+00 
 1.84000000e+00  1.67702130e+00 
 1.85000000e+00  1.68131966e+00 
 1.45000000e+00  1.55025148e+00 
 1.46000000e+00  1.55119286e+00 
 1.47000000e+00  1.55240120e+00 
 1.48000000e+00  1.55368832e+00 
 1.49000000e+00  1.55512426e+00 
 1.50000000e+00  1.55671311e+00 
 1.51000000e+00  1.55845681e+00 
 1.52000000e+00  1.56035563e+00 
 1.53000000e+00  1.56240841e+00 
 1.54000000e+00  1.56461285e+00 
 1.55000000e+00  1.56696579e+00 
 1.56000000e+00  1.56946366e+00 
 1.57000000e+00  1.57210273e+00 
 1.58000000e+00  1.57487945e+00 
 1.59000000e+00  1.57779069e+00 
 1.60000000e+00  1.58083395e+00 
 1.61000000e+00  1.58400743e+00 
 1.62000000e+00  1.58731015e+00 
 1.63000000e+00  1.59074187e+00 
 1.64000000e+00  1.59430306e+00 
 1.65000000e+00  1.59799473e+00 
 1.66000000e+00  1.60181827e+00 
 1.67000000e+00  1.60577512e+00 
 1.68000000e+00  1.60986649e+00 
 1.69000000e+00  1.61409296e+00 
 1.70000000e+00  1.61845397e+00 
 1.71000000e+00  1.62294732e+00 
 1.72000000e+00  1.62756861e+00 
 1.73000000e+00  1.63231056e+00 
 1.74000000e+00  1.63716238e+00 
 1.75000000e+00  1.64210919e+00 
 1.76000000e+00  1.64713146e+00 
 1.77000000e+00  1.65220464e+00 
 1.78000000e+00  1.65729899e+00 
 1.79000000e+00  1.66237985e+00 
 1.80000000e+00  1.66740814e+00 
 1.81000000e+00  1.67234144e+00 
 1.82000000e+00  1.67713550e+00 
 1.83000000e+00  1.68174614e+00 
 1.84000000e+00  1.68613138e+00 
 1.85000000e+00  1.69025375e+00 
 1.45000000e+00  1.55249035e+00 
 1.46000000e+00  1.55361736e+00 
 1.47000000e+00  1.55505171e+00 
 1.48000000e+00  1.55657421e+00 
 1.49000000e+00  1.55826383e+00 
 1.50000000e+00  1.56012308e+00 
 1.51000000e+00  1.56215189e+00 
 1.52000000e+00  1.56434828e+00 
 1.53000000e+00  1.56670863e+00 
 1.54000000e+00  1.56922806e+00 
 1.55000000e+00  1.57190092e+00 
 1.56000000e+00  1.57472113e+00 
 1.57000000e+00  1.57768266e+00 
 1.58000000e+00  1.58077979e+00 
 1.59000000e+00  1.58400743e+00 
 1.60000000e+00  1.58736126e+00 
 1.61000000e+00  1.59083788e+00 
 1.62000000e+00  1.59443477e+00 
 1.63000000e+00  1.59815031e+00 
 1.64000000e+00  1.60198363e+00 
 1.65000000e+00  1.60593444e+00 
 1.66000000e+00  1.61000280e+00 
 1.67000000e+00  1.61418880e+00 
 1.68000000e+00  1.61849220e+00 
 1.69000000e+00  1.62291205e+00 
 1.70000000e+00  1.62744617e+00 
 1.71000000e+00  1.63209065e+00 
 1.72000000e+00  1.63683929e+00 
 1.73000000e+00  1.64168298e+00 
 1.74000000e+00  1.64660918e+00 
 1.75000000e+00  1.65160135e+00 
 1.76000000e+00  1.65663857e+00 
 1.77000000e+00  1.66169525e+00 
 1.78000000e+00  1.66674124e+00 
 1.79000000e+00  1.67174208e+00 
 1.80000000e+00  1.67665979e+00 
 1.81000000e+00  1.68145400e+00 
 1.82000000e+00  1.68608350e+00 
 1.83000000e+00  1.69050811e+00 
 1.84000000e+00  1.69469071e+00 
 1.85000000e+00  1.69859925e+00 
 1.45000000e+00  1.55511626e+00 
 1.46000000e+00  1.55644948e+00 
 1.47000000e+00  1.55813128e+00 
 1.48000000e+00  1.55990999e+00 
 1.49000000e+00  1.56187326e+00 
 1.50000000e+00  1.56402142e+00 
 1.51000000e+00  1.56635184e+00 
 1.52000000e+00  1.56885976e+00 
 1.53000000e+00  1.57153862e+00 
 1.54000000e+00  1.57438065e+00 
 1.55000000e+00  1.57737735e+00 
 1.56000000e+00  1.58052000e+00 
 1.57000000e+00  1.58380010e+00 
 1.58000000e+00  1.58720975e+00 
 1.59000000e+00  1.59074185e+00 
 1.60000000e+00  1.59439036e+00 
 1.61000000e+00  1.59815030e+00 
 1.62000000e+00  1.60201776e+00 
 1.63000000e+00  1.60598984e+00 
 1.64000000e+00  1.61006446e+00 
 1.65000000e+00  1.61424016e+00 
 1.66000000e+00  1.61851581e+00 
 1.67000000e+00  1.62289028e+00 
 1.68000000e+00  1.62736209e+00 
 1.69000000e+00  1.63192890e+00 
 1.70000000e+00  1.63658714e+00 
 1.71000000e+00  1.64133143e+00 
 1.72000000e+00  1.64615404e+00 
 1.73000000e+00  1.65104442e+00 
 1.74000000e+00  1.65598865e+00 
 1.75000000e+00  1.66096901e+00 
 1.76000000e+00  1.66596374e+00 
 1.77000000e+00  1.67094690e+00 
 1.78000000e+00  1.67588851e+00 
 1.79000000e+00  1.68075511e+00 
 1.80000000e+00  1.68551053e+00 
 1.81000000e+00  1.69011716e+00 
 1.82000000e+00  1.69453748e+00 
 1.83000000e+00  1.69873585e+00 
 1.84000000e+00  1.70268034e+00 
 1.85000000e+00  1.70634451e+00 
 1.45000000e+00  1.55818113e+00 
 1.46000000e+00  1.55974103e+00 
 1.47000000e+00  1.56169065e+00 
 1.48000000e+00  1.56374501e+00 
 1.49000000e+00  1.56599991e+00 
 1.50000000e+00  1.56845286e+00 
 1.51000000e+00  1.57109813e+00 
 1.52000000e+00  1.57392768e+00 
 1.53000000e+00  1.57693164e+00 
 1.54000000e+00  1.58009903e+00 
 1.55000000e+00  1.58341833e+00 
 1.56000000e+00  1.58687804e+00 
 1.57000000e+00  1.59046721e+00 
 1.58000000e+00  1.59417575e+00 
 1.59000000e+00  1.59799471e+00 
 1.60000000e+00  1.60191639e+00 
 1.61000000e+00  1.60593442e+00 
 1.62000000e+00  1.61004368e+00 
 1.63000000e+00  1.61424015e+00 
 1.64000000e+00  1.61852072e+00 
 1.65000000e+00  1.62288293e+00 
 1.66000000e+00  1.62732466e+00 
 1.67000000e+00  1.63184376e+00 
 1.68000000e+00  1.63643764e+00 
 1.69000000e+00  1.64110288e+00 
 1.70000000e+00  1.64583470e+00 
 1.71000000e+00  1.65062652e+00 
 1.72000000e+00  1.65546946e+00 
 1.73000000e+00  1.66035184e+00 
 1.74000000e+00  1.66525881e+00 
 1.75000000e+00  1.67017200e+00 
 1.76000000e+00  1.67506936e+00 
 1.77000000e+00  1.67992517e+00 
 1.78000000e+00  1.68471036e+00 
 1.79000000e+00  1.68939311e+00 
 1.80000000e+00  1.69393975e+00 
 1.81000000e+00  1.69831605e+00 
 1.82000000e+00  1.70248871e+00 
 1.83000000e+00  1.70642701e+00 
 1.84000000e+00  1.71010445e+00 
 1.85000000e+00  1.71350023e+00 
 1.45000000e+00  1.56174739e+00 
 1.46000000e+00  1.56355488e+00 
 1.47000000e+00  1.56579123e+00 
 1.48000000e+00  1.56813896e+00 
 1.49000000e+00  1.57070110e+00 
 1.50000000e+00  1.57347173e+00 
 1.51000000e+00  1.57644150e+00 
 1.52000000e+00  1.57959861e+00 
 1.53000000e+00  1.58292961e+00 
 1.54000000e+00  1.58642007e+00 
 1.55000000e+00  1.59005535e+00 
 1.56000000e+00  1.59382122e+00 
 1.57000000e+00  1.59770430e+00 
 1.58000000e+00  1.60169247e+00 
 1.59000000e+00  1.60577508e+00 
 1.60000000e+00  1.60994303e+00 
 1.61000000e+00  1.61418877e+00 
 1.62000000e+00  1.61850614e+00 
 1.63000000e+00  1.62289026e+00 
 1.64000000e+00  1.62733721e+00 
 1.65000000e+00  1.63184375e+00 
 1.66000000e+00  1.63640696e+00 
 1.67000000e+00  1.64102389e+00 
 1.68000000e+00  1.64569111e+00 
 1.69000000e+00  1.65040430e+00 
 1.70000000e+00  1.65515777e+00 
 1.71000000e+00  1.65994407e+00 
 1.72000000e+00  1.66475345e+00 
 1.73000000e+00  1.66957357e+00 
 1.74000000e+00  1.67438909e+00 
 1.75000000e+00  1.67918148e+00 
 1.76000000e+00  1.68392898e+00 
 1.77000000e+00  1.68860672e+00 
 1.78000000e+00  1.69318718e+00 
 1.79000000e+00  1.69764081e+00 
 1.80000000e+00  1.70193707e+00 
 1.81000000e+00  1.70604563e+00 
 1.82000000e+00  1.70993782e+00 
 1.83000000e+00  1.71358811e+00 
 1.84000000e+00  1.71697549e+00 
 1.85000000e+00  1.72008468e+00 
 1.45000000e+00  1.56589063e+00 
 1.46000000e+00  1.56796345e+00 
 1.47000000e+00  1.57050367e+00 
 1.48000000e+00  1.57315999e+00 
 1.49000000e+00  1.57604182e+00 
 1.50000000e+00  1.57913919e+00 
 1.51000000e+00  1.58243861e+00 
 1.52000000e+00  1.58592423e+00 
 1.53000000e+00  1.58957872e+00 
 1.54000000e+00  1.59338416e+00 
 1.55000000e+00  1.59732280e+00 
 1.56000000e+00  1.60137773e+00 
 1.57000000e+00  1.60553337e+00 
 1.58000000e+00  1.60977580e+00 
 1.59000000e+00  1.61409292e+00 
 1.60000000e+00  1.61847448e+00 
 1.61000000e+00  1.62291201e+00 
 1.62000000e+00  1.62739865e+00 
 1.63000000e+00  1.63192887e+00 
 1.64000000e+00  1.63649820e+00 
 1.65000000e+00  1.64110286e+00 
 1.66000000e+00  1.64573940e+00 
 1.67000000e+00  1.65040428e+00 
 1.68000000e+00  1.65509350e+00 
 1.69000000e+00  1.65980210e+00 
 1.70000000e+00  1.66452381e+00 
 1.71000000e+00  1.66925059e+00 
 1.72000000e+00  1.67397227e+00 
 1.73000000e+00  1.67867621e+00 
 1.74000000e+00  1.68334709e+00 
 1.75000000e+00  1.68796676e+00 
 1.76000000e+00  1.69251431e+00 
 1.77000000e+00  1.69696637e+00 
 1.78000000e+00  1.70129753e+00 
 1.79000000e+00  1.70548113e+00 
 1.80000000e+00  1.70949029e+00 
 1.81000000e+00  1.71329901e+00 
 1.82000000e+00  1.71688353e+00 
 1.83000000e+00  1.72022362e+00 
 1.84000000e+00  1.72330367e+00 
 1.85000000e+00  1.72611365e+00 
 1.45000000e+00  1.57068847e+00 
 1.46000000e+00  1.57304525e+00 
 1.47000000e+00  1.57590260e+00 
 1.48000000e+00  1.57887889e+00 
 1.49000000e+00  1.58208824e+00 
 1.50000000e+00  1.58551609e+00 
 1.51000000e+00  1.58914441e+00 
 1.52000000e+00  1.59295303e+00 
 1.53000000e+00  1.59692066e+00 
 1.54000000e+00  1.60102589e+00 
 1.55000000e+00  1.60524800e+00 
 1.56000000e+00  1.60956765e+00 
 1.57000000e+00  1.61396732e+00 
 1.58000000e+00  1.61843160e+00 
 1.59000000e+00  1.62294727e+00 
 1.60000000e+00  1.62750329e+00 
 1.61000000e+00  1.63209061e+00 
 1.62000000e+00  1.63670192e+00 
 1.63000000e+00  1.64133139e+00 
 1.64000000e+00  1.64597426e+00 
 1.65000000e+00  1.65062649e+00 
 1.66000000e+00  1.65528436e+00 
 1.67000000e+00  1.65994404e+00 
 1.68000000e+00  1.66460120e+00 
 1.69000000e+00  1.66925058e+00 
 1.70000000e+00  1.67388563e+00 
 1.71000000e+00  1.67849811e+00 
 1.72000000e+00  1.68307782e+00 
 1.73000000e+00  1.68761230e+00 
 1.74000000e+00  1.69208674e+00 
 1.75000000e+00  1.69648392e+00 
 1.76000000e+00  1.70078438e+00 
 1.77000000e+00  1.70496678e+00 
 1.78000000e+00  1.70900843e+00 
 1.79000000e+00  1.71288609e+00 
 1.80000000e+00  1.71657693e+00 
 1.81000000e+00  1.72005959e+00 
 1.82000000e+00  1.72331537e+00 
 1.83000000e+00  1.72632923e+00 
 1.84000000e+00  1.72909078e+00 
 1.85000000e+00  1.73159475e+00 
 1.45000000e+00  1.57622045e+00 
 1.46000000e+00  1.57887342e+00 
 1.47000000e+00  1.58205602e+00 
 1.48000000e+00  1.58535768e+00 
 1.49000000e+00  1.58889565e+00 
 1.50000000e+00  1.59265028e+00 
 1.51000000e+00  1.59659876e+00 
 1.52000000e+00  1.60071646e+00 
 1.53000000e+00  1.60497819e+00 
 1.54000000e+00  1.60935923e+00 
 1.55000000e+00  1.61383615e+00 
 1.56000000e+00  1.61838752e+00 
 1.57000000e+00  1.62299427e+00 
 1.58000000e+00  1.62763990e+00 
 1.59000000e+00  1.63231050e+00 
 1.60000000e+00  1.63699459e+00 
 1.61000000e+00  1.64168293e+00 
 1.62000000e+00  1.64636813e+00 
 1.63000000e+00  1.65104437e+00 
 1.64000000e+00  1.65570693e+00 
 1.65000000e+00  1.66035180e+00 
 1.66000000e+00  1.66497528e+00 
 1.67000000e+00  1.66957354e+00 
 1.68000000e+00  1.67414226e+00 
 1.69000000e+00  1.67867619e+00 
 1.70000000e+00  1.68316888e+00 
 1.71000000e+00  1.68761229e+00 
 1.72000000e+00  1.69199662e+00 
 1.73000000e+00  1.69631008e+00 
 1.74000000e+00  1.70053887e+00 
 1.75000000e+00  1.70466726e+00 
 1.76000000e+00  1.70867778e+00 
 1.77000000e+00  1.71255166e+00 
 1.78000000e+00  1.71626944e+00 
 1.79000000e+00  1.71981166e+00 
 1.80000000e+00  1.72315985e+00 
 1.81000000e+00  1.72629741e+00 
 1.82000000e+00  1.72921062e+00 
 1.83000000e+00  1.73188945e+00 
 1.84000000e+00  1.73432820e+00 
 1.85000000e+00  1.73652587e+00 
 1.45000000e+00  1.58254311e+00 
 1.46000000e+00  1.58549984e+00 
 1.47000000e+00  1.58900719e+00 
 1.48000000e+00  1.59263094e+00 
 1.49000000e+00  1.59648919e+00 
 1.50000000e+00  1.60055693e+00 
 1.51000000e+00  1.60480643e+00 
 1.52000000e+00  1.60920870e+00 
 1.53000000e+00  1.61373485e+00 
 1.54000000e+00  1.61835718e+00 
 1.55000000e+00  1.62304998e+00 
 1.56000000e+00  1.62779020e+00 
 1.57000000e+00  1.63255771e+00 
 1.58000000e+00  1.63733541e+00 
 1.59000000e+00  1.64210913e+00 
 1.60000000e+00  1.64686745e+00 
 1.61000000e+00  1.65160130e+00 
 1.62000000e+00  1.65630363e+00 
 1.63000000e+00  1.66096896e+00 
 1.64000000e+00  1.66559295e+00 
 1.65000000e+00  1.67017196e+00 
 1.66000000e+00  1.67470262e+00 
 1.67000000e+00  1.67918144e+00 
 1.68000000e+00  1.68360443e+00 
 1.69000000e+00  1.68796673e+00 
 1.70000000e+00  1.69226236e+00 
 1.71000000e+00  1.69648391e+00 
 1.72000000e+00  1.70062242e+00 
 1.73000000e+00  1.70466726e+00 
 1.74000000e+00  1.70860616e+00 
 1.75000000e+00  1.71242535e+00 
 1.76000000e+00  1.71610985e+00 
 1.77000000e+00  1.71964391e+00 
 1.78000000e+00  1.72301161e+00 
 1.79000000e+00  1.72619756e+00 
 1.80000000e+00  1.72918770e+00 
 1.81000000e+00  1.73197013e+00 
 1.82000000e+00  1.73453584e+00 
 1.83000000e+00  1.73687933e+00 
 1.84000000e+00  1.73899904e+00 
 1.85000000e+00  1.74089745e+00 
 1.45000000e+00  1.58967043e+00 
 1.46000000e+00  1.59292836e+00 
 1.47000000e+00  1.59674865e+00 
 1.48000000e+00  1.60067957e+00 
 1.49000000e+00  1.60483763e+00 
 1.50000000e+00  1.60919234e+00 
 1.51000000e+00  1.61371119e+00 
 1.52000000e+00  1.61836111e+00 
 1.53000000e+00  1.62310992e+00 
 1.54000000e+00  1.62792745e+00 
 1.55000000e+00  1.63278629e+00 
 1.56000000e+00  1.63766233e+00 
 1.57000000e+00  1.64253494e+00 
 1.58000000e+00  1.64738698e+00 
 1.59000000e+00  1.65220458e+00 
 1.60000000e+00  1.65697679e+00 
 1.61000000e+00  1.66169521e+00 
 1.62000000e+00  1.66635348e+00 
 1.63000000e+00  1.67094685e+00 
 1.64000000e+00  1.67547172e+00 
 1.65000000e+00  1.67992514e+00 
 1.66000000e+00  1.68430440e+00 
 1.67000000e+00  1.68860670e+00 
 1.68000000e+00  1.69282872e+00 
 1.69000000e+00  1.69696636e+00 
 1.70000000e+00  1.70101450e+00 
 1.71000000e+00  1.70496678e+00 
 1.72000000e+00  1.70881552e+00 
 1.73000000e+00  1.71255167e+00 
 1.74000000e+00  1.71616494e+00 
 1.75000000e+00  1.71964392e+00 
 1.76000000e+00  1.72297647e+00 
 1.77000000e+00  1.72615015e+00 
 1.78000000e+00  1.72915274e+00 
 1.79000000e+00  1.73197293e+00 
 1.80000000e+00  1.73460095e+00 
 1.81000000e+00  1.73702924e+00 
 1.82000000e+00  1.73925302e+00 
 1.83000000e+00  1.74127068e+00 
 1.84000000e+00  1.74308403e+00 
 1.85000000e+00  1.74469824e+00 
 1.45000000e+00  1.59753896e+00 
 1.46000000e+00  1.60108331e+00 
 1.47000000e+00  1.60519076e+00 
 1.48000000e+00  1.60940005e+00 
 1.49000000e+00  1.61382344e+00 
 1.50000000e+00  1.61842516e+00 
 1.51000000e+00  1.62316827e+00 
 1.52000000e+00  1.62801615e+00 
 1.53000000e+00  1.63293394e+00 
 1.54000000e+00  1.63788965e+00 
 1.55000000e+00  1.64285485e+00 
 1.56000000e+00  1.64780504e+00 
 1.57000000e+00  1.65271975e+00 
 1.58000000e+00  1.65758237e+00 
 1.59000000e+00  1.66237983e+00 
 1.60000000e+00  1.66710217e+00 
 1.61000000e+00  1.67174206e+00 
 1.62000000e+00  1.67629426e+00 
 1.63000000e+00  1.68075510e+00 
 1.64000000e+00  1.68512202e+00 
 1.65000000e+00  1.68939310e+00 
 1.66000000e+00  1.69356664e+00 
 1.67000000e+00  1.69764081e+00 
 1.68000000e+00  1.70161331e+00 
 1.69000000e+00  1.70548115e+00 
 1.70000000e+00  1.70924040e+00 
 1.71000000e+00  1.71288612e+00 
 1.72000000e+00  1.71641225e+00 
 1.73000000e+00  1.71981170e+00 
 1.74000000e+00  1.72307639e+00 
 1.75000000e+00  1.72619759e+00 
 1.76000000e+00  1.72916614e+00 
 1.77000000e+00  1.73197295e+00 
 1.78000000e+00  1.73460944e+00 
 1.79000000e+00  1.73706814e+00 
 1.80000000e+00  1.73934317e+00 
 1.81000000e+00  1.74143078e+00 
 1.82000000e+00  1.74332972e+00 
 1.83000000e+00  1.74504148e+00 
 1.84000000e+00  1.74657039e+00 
 1.85000000e+00  1.74792344e+00 
 1.45000000e+00  1.60597771e+00 
 1.46000000e+00  1.60977904e+00 
 1.47000000e+00  1.61413350e+00 
 1.48000000e+00  1.61857817e+00 
 1.49000000e+00  1.62321877e+00 
 1.50000000e+00  1.62801467e+00 
 1.51000000e+00  1.63292516e+00 
 1.52000000e+00  1.63791076e+00 
 1.53000000e+00  1.64293472e+00 
 1.54000000e+00  1.64796401e+00 
 1.55000000e+00  1.65296991e+00 
 1.56000000e+00  1.65792825e+00 
 1.57000000e+00  1.66281933e+00 
 1.58000000e+00  1.66762765e+00 
 1.59000000e+00  1.67234146e+00 
 1.60000000e+00  1.67695221e+00 
 1.61000000e+00  1.68145402e+00 
 1.62000000e+00  1.68584310e+00 
 1.63000000e+00  1.69011719e+00 
 1.64000000e+00  1.69427506e+00 
 1.65000000e+00  1.69831608e+00 
 1.66000000e+00  1.70223981e+00 
 1.67000000e+00  1.70604566e+00 
 1.68000000e+00  1.70973263e+00 
 1.69000000e+00  1.71329905e+00 
 1.70000000e+00  1.71674249e+00 
 1.71000000e+00  1.72005964e+00 
 1.72000000e+00  1.72324630e+00 
 1.73000000e+00  1.72629746e+00 
 1.74000000e+00  1.72920745e+00 
 1.75000000e+00  1.73197018e+00 
 1.76000000e+00  1.73457943e+00 
 1.77000000e+00  1.73702927e+00 
 1.78000000e+00  1.73931443e+00 
 1.79000000e+00  1.74143079e+00 
 1.80000000e+00  1.74337578e+00 
 1.81000000e+00  1.74514871e+00 
 1.82000000e+00  1.74675108e+00 
 1.83000000e+00  1.74818663e+00 
 1.84000000e+00  1.74946134e+00 
 1.85000000e+00  1.75058323e+00 
 1.45000000e+00  1.61469136e+00 
 1.46000000e+00  1.61870752e+00 
 1.47000000e+00  1.62325673e+00 
 1.48000000e+00  1.62788259e+00 
 1.49000000e+00  1.63268225e+00 
 1.50000000e+00  1.63761102e+00 
 1.51000000e+00  1.64262520e+00 
 1.52000000e+00  1.64768335e+00 
 1.53000000e+00  1.65274765e+00 
 1.54000000e+00  1.65778484e+00 
 1.55000000e+00  1.66276665e+00 
 1.56000000e+00  1.66766988e+00 
 1.57000000e+00  1.67247618e+00 
 1.58000000e+00  1.67717163e+00 
 1.59000000e+00  1.68174619e+00 
 1.60000000e+00  1.68619308e+00 
 1.61000000e+00  1.69050816e+00 
 1.62000000e+00  1.69468932e+00 
 1.63000000e+00  1.69873589e+00 
 1.64000000e+00  1.70264819e+00 
 1.65000000e+00  1.70642705e+00 
 1.66000000e+00  1.71007343e+00 
 1.67000000e+00  1.71358815e+00 
 1.68000000e+00  1.71697162e+00 
 1.69000000e+00  1.72022366e+00 
 1.70000000e+00  1.72334341e+00 
 1.71000000e+00  1.72632928e+00 
 1.72000000e+00  1.72917894e+00 
 1.73000000e+00  1.73188948e+00 
 1.74000000e+00  1.73445750e+00 
 1.75000000e+00  1.73687936e+00 
 1.76000000e+00  1.73915149e+00 
 1.77000000e+00  1.74127069e+00 
 1.78000000e+00  1.74323448e+00 
 1.79000000e+00  1.74504147e+00 
 1.80000000e+00  1.74669165e+00 
 1.81000000e+00  1.74818661e+00 
 1.82000000e+00  1.74952976e+00 
 1.83000000e+00  1.75072630e+00 
 1.84000000e+00  1.75178311e+00 
 1.85000000e+00  1.75270860e+00 
 1.45000000e+00  1.62327872e+00 
 1.46000000e+00  1.62746133e+00 
 1.47000000e+00  1.63214641e+00 
 1.48000000e+00  1.63689455e+00 
 1.49000000e+00  1.64179225e+00 
 1.50000000e+00  1.64679171e+00 
 1.51000000e+00  1.65184720e+00 
 1.52000000e+00  1.65691617e+00 
 1.53000000e+00  1.66196057e+00 
 1.54000000e+00  1.66694762e+00 
 1.55000000e+00  1.67185013e+00 
 1.56000000e+00  1.67664636e+00 
 1.57000000e+00  1.68131974e+00 
 1.58000000e+00  1.68585825e+00 
 1.59000000e+00  1.69025380e+00 
 1.60000000e+00  1.69450157e+00 
 1.61000000e+00  1.69859928e+00 
 1.62000000e+00  1.70254659e+00 
 1.63000000e+00  1.70634453e+00 
 1.64000000e+00  1.70999497e+00 
 1.65000000e+00  1.71350024e+00 
 1.66000000e+00  1.71686273e+00 
 1.67000000e+00  1.72008468e+00 
 1.68000000e+00  1.72316788e+00 
 1.69000000e+00  1.72611363e+00 
 1.70000000e+00  1.72892258e+00 
 1.71000000e+00  1.73159473e+00 
 1.72000000e+00  1.73412951e+00 
 1.73000000e+00  1.73652585e+00 
 1.74000000e+00  1.73878233e+00 
 1.75000000e+00  1.74089742e+00 
 1.76000000e+00  1.74286971e+00 
 1.77000000e+00  1.74469819e+00 
 1.78000000e+00  1.74638253e+00 
 1.79000000e+00  1.74792338e+00 
 1.80000000e+00  1.74932254e+00 
 1.81000000e+00  1.75058317e+00 
 1.82000000e+00  1.75170986e+00 
 1.83000000e+00  1.75270856e+00 
 1.84000000e+00  1.75358654e+00 
 1.85000000e+00  1.75435210e+00 
