 0.00000000e+00  1.24999999e+00 
 1.00000000e-06  1.24704956e+00 
 2.00000000e-06  1.24409913e+00 
 3.00000000e-06  1.24114869e+00 
 4.00000000e-06  1.23819826e+00 
 5.00000000e-06  1.23524782e+00 
 6.00000000e-06  1.23229739e+00 
 7.00000000e-06  1.22934695e+00 
 8.00000000e-06  1.22639652e+00 
 9.00000000e-06  1.22344608e+00 
 1.00000000e-05  1.22049565e+00 
 1.10000000e-05  1.21754522e+00 
 1.20000000e-05  1.21459478e+00 
 1.30000000e-05  1.21164435e+00 
 1.40000000e-05  1.20869391e+00 
 1.50000000e-05  1.20574348e+00 
 1.60000000e-05  1.20279304e+00 
 1.70000000e-05  1.19984261e+00 
 1.80000000e-05  1.19689217e+00 
 1.90000000e-05  1.19394174e+00 
 2.00000000e-05  1.19099131e+00 
 2.10000000e-05  1.18804087e+00 
 2.20000000e-05  1.18509044e+00 
 2.30000000e-05  1.18214000e+00 
 2.40000000e-05  1.17918957e+00 
 2.50000000e-05  1.17623913e+00 
 2.60000000e-05  1.17328870e+00 
 2.70000000e-05  1.17033826e+00 
 2.80000000e-05  1.16738783e+00 
 2.90000000e-05  1.16443739e+00 
 3.00000000e-05  1.16148696e+00 
 3.10000000e-05  1.15853653e+00 
 3.20000000e-05  1.15558609e+00 
 3.30000000e-05  1.15263566e+00 
 3.40000000e-05  1.14968522e+00 
 3.50000000e-05  1.14673479e+00 
 3.60000000e-05  1.14378435e+00 
 3.70000000e-05  1.14083392e+00 
 3.80000000e-05  1.13788348e+00 
 3.90000000e-05  1.13493305e+00 
 4.00000000e-05  1.13198262e+00 
 4.10000000e-05  1.12903218e+00 
 4.20000000e-05  1.12608175e+00 
 4.30000000e-05  1.12313131e+00 
 4.40000000e-05  1.12018088e+00 
 4.50000000e-05  1.11723044e+00 
 4.60000000e-05  1.11428001e+00 
 4.70000000e-05  1.11132957e+00 
 4.80000000e-05  1.10837914e+00 
 4.90000000e-05  1.10542870e+00 
 5.00000000e-05  1.10247827e+00 
