 1.15000000e+00 -5.08189747e-02 
 1.16000000e+00 -5.07951178e-02 
 1.17000000e+00 -5.07562590e-02 
 1.18000000e+00 -5.07104943e-02 
 1.19000000e+00 -5.06516612e-02 
 1.20000000e+00 -5.05764492e-02 
 1.21000000e+00 -5.04808865e-02 
 1.22000000e+00 -5.03602755e-02 
 1.23000000e+00 -5.02091461e-02 
 1.24000000e+00 -5.00212374e-02 
 1.25000000e+00 -4.97895194e-02 
 1.26000000e+00 -4.95062662e-02 
 1.27000000e+00 -4.91631982e-02 
 1.28000000e+00 -4.87517052e-02 
 1.29000000e+00 -4.82631627e-02 
 1.30000000e+00 -4.76893443e-02 
 1.31000000e+00 -4.70229168e-02 
 1.32000000e+00 -4.62579821e-02 
 1.33000000e+00 -4.53906109e-02 
 1.34000000e+00 -4.44192909e-02 
 1.35000000e+00 -4.33452191e-02 
 1.36000000e+00 -4.21723789e-02 
 1.37000000e+00 -4.09073827e-02 
 1.38000000e+00 -3.95590980e-02 
 1.39000000e+00 -3.81381121e-02 
 1.40000000e+00 -3.66561094e-02 
 1.41000000e+00 -3.51252395e-02 
 1.42000000e+00 -3.35575402e-02 
 1.43000000e+00 -3.19644581e-02 
 1.44000000e+00 -3.03564886e-02 
 1.45000000e+00 -2.87429370e-02 
 1.46000000e+00 -2.71317882e-02 
 1.47000000e+00 -2.55296680e-02 
 1.48000000e+00 -2.39418729e-02 
 1.49000000e+00 -2.23724493e-02 
 1.50000000e+00 -2.08243032e-02 
 1.51000000e+00 -1.92993263e-02 
 1.52000000e+00 -1.77985269e-02 
 1.53000000e+00 -1.63221583e-02 
 1.54000000e+00 -1.48698386e-02 
 1.55000000e+00 -1.34406592e-02 
 1.56000000e+00 -1.20332808e-02 
 1.57000000e+00 -1.06460158e-02 
 1.58000000e+00 -9.27689803e-03 
 1.59000000e+00 -7.92374082e-03 
 1.60000000e+00 -6.58418463e-03 
 1.61000000e+00 -5.25573557e-03 
 1.62000000e+00 -3.93579632e-03 
 1.63000000e+00 -2.62169083e-03 
 1.64000000e+00 -1.31068439e-03 
 1.65000000e+00 -1.94839700e-11 
 1.66000000e+00  1.31316703e-03 
 1.67000000e+00  2.63163597e-03 
 1.68000000e+00  3.95822677e-03 
 1.69000000e+00  5.29574502e-03 
 1.70000000e+00  6.64696399e-03 
 1.71000000e+00  8.01460255e-03 
 1.72000000e+00  9.40129758e-03 
 1.73000000e+00  1.08095695e-02 
 1.74000000e+00  1.22417788e-02 
 1.75000000e+00  1.37000732e-02 
 1.76000000e+00  1.51863218e-02 
 1.77000000e+00  1.67020379e-02 
 1.78000000e+00  1.82482856e-02 
 1.79000000e+00  1.98255735e-02 
 1.80000000e+00  2.14337334e-02 
 1.81000000e+00  2.30717871e-02 
 1.82000000e+00  2.47378043e-02 
 1.83000000e+00  2.64287579e-02 
 1.84000000e+00  2.81403861e-02 
 1.85000000e+00  2.98670722e-02 
 1.86000000e+00  3.16017588e-02 
 1.87000000e+00  3.33359138e-02 
 1.88000000e+00  3.50595697e-02 
 1.89000000e+00  3.67614561e-02 
 1.90000000e+00  3.84292421e-02 
 1.91000000e+00  4.00499006e-02 
 1.92000000e+00  4.16101911e-02 
 1.93000000e+00  4.30972432e-02 
 1.94000000e+00  4.44992009e-02 
 1.95000000e+00  4.58058700e-02 
 1.96000000e+00  4.70092957e-02 
 1.97000000e+00  4.81041980e-02 
 1.98000000e+00  4.90882031e-02 
 1.99000000e+00  4.99618426e-02 
 2.00000000e+00  5.07283257e-02 
 2.01000000e+00  5.13931289e-02 
 2.02000000e+00  5.19634706e-02 
 2.03000000e+00  5.24477452e-02 
 2.04000000e+00  5.28549833e-02 
 2.05000000e+00  5.31943824e-02 
 2.06000000e+00  5.34749307e-02 
 2.07000000e+00  5.37051297e-02 
 2.08000000e+00  5.38928061e-02 
 2.09000000e+00  5.40450014e-02 
 2.10000000e+00  5.41679226e-02 
 2.11000000e+00  5.42669420e-02 
 2.12000000e+00  5.43466325e-02 
 2.13000000e+00  5.44108273e-02 
 2.14000000e+00  5.44626948e-02 
 2.15000000e+00  5.45048210e-02 
