 1.15000000e+00  6.49979772e-02 
 1.16000000e+00  6.49838244e-02 
 1.17000000e+00  6.49602960e-02 
 1.18000000e+00  6.49322811e-02 
 1.19000000e+00  6.48957251e-02 
 1.20000000e+00  6.48482132e-02 
 1.21000000e+00  6.47867365e-02 
 1.22000000e+00  6.47075860e-02 
 1.23000000e+00  6.46062419e-02 
 1.24000000e+00  6.44772680e-02 
 1.25000000e+00  6.43142188e-02 
 1.26000000e+00  6.41095705e-02 
 1.27000000e+00  6.38546925e-02 
 1.28000000e+00  6.35398734e-02 
 1.29000000e+00  6.31544221e-02 
 1.30000000e+00  6.26868621e-02 
 1.31000000e+00  6.21252413e-02 
 1.32000000e+00  6.14575694e-02 
 1.33000000e+00  6.06723878e-02 
 1.34000000e+00  5.97594529e-02 
 1.35000000e+00  5.87104872e-02 
 1.36000000e+00  5.75199205e-02 
 1.37000000e+00  5.61855210e-02 
 1.38000000e+00  5.47088151e-02 
 1.39000000e+00  5.30952151e-02 
 1.40000000e+00  5.13538179e-02 
 1.41000000e+00  4.94968981e-02 
 1.42000000e+00  4.75391637e-02 
 1.43000000e+00  4.54968788e-02 
 1.44000000e+00  4.33869631e-02 
 1.45000000e+00  4.12261630e-02 
 1.46000000e+00  3.90303603e-02 
 1.47000000e+00  3.68140522e-02 
 1.48000000e+00  3.45900062e-02 
 1.49000000e+00  3.23690758e-02 
 1.50000000e+00  3.01601490e-02 
 1.51000000e+00  2.79701967e-02 
 1.52000000e+00  2.58043933e-02 
 1.53000000e+00  2.36662794e-02 
 1.54000000e+00  2.15579483e-02 
 1.55000000e+00  1.94802371e-02 
 1.56000000e+00  1.74329130e-02 
 1.57000000e+00  1.54148477e-02 
 1.58000000e+00  1.34241732e-02 
 1.59000000e+00  1.14584207e-02 
 1.60000000e+00  9.51463995e-03 
 1.61000000e+00  7.58950141e-03 
 1.62000000e+00  5.67938280e-03 
 1.63000000e+00  3.78044239e-03 
 1.64000000e+00  1.88868167e-03 
 1.65000000e+00 -3.45634632e-12 
 1.66000000e+00 -1.88975616e-03 
 1.67000000e+00 -3.78474629e-03 
 1.68000000e+00 -5.68908879e-03 
 1.69000000e+00 -7.60681115e-03 
 1.70000000e+00 -9.54179401e-03 
 1.71000000e+00 -1.14977071e-02 
 1.72000000e+00 -1.34779339e-02 
 1.73000000e+00 -1.54854822e-02 
 1.74000000e+00 -1.75228786e-02 
 1.75000000e+00 -1.95920455e-02 
 1.76000000e+00 -2.16941578e-02 
 1.77000000e+00 -2.38294824e-02 
 1.78000000e+00 -2.59971997e-02 
 1.79000000e+00 -2.81952135e-02 
 1.80000000e+00 -3.04199573e-02 
 1.81000000e+00 -3.26662077e-02 
 1.82000000e+00 -3.49269230e-02 
 1.83000000e+00 -3.71931283e-02 
 1.84000000e+00 -3.94538713e-02 
 1.85000000e+00 -4.16962811e-02 
 1.86000000e+00 -4.39057552e-02 
 1.87000000e+00 -4.60663009e-02 
 1.88000000e+00 -4.81610436e-02 
 1.89000000e+00 -5.01728960e-02 
 1.90000000e+00 -5.20853575e-02 
 1.91000000e+00 -5.38833850e-02 
 1.92000000e+00 -5.55542496e-02 
 1.93000000e+00 -5.70882783e-02 
 1.94000000e+00 -5.84793848e-02 
 1.95000000e+00 -5.97253155e-02 
 1.96000000e+00 -6.08275844e-02 
 1.97000000e+00 -6.17911174e-02 
 1.98000000e+00 -6.26236736e-02 
 1.99000000e+00 -6.33351374e-02 
 2.00000000e+00 -6.39367778e-02 
 2.01000000e+00 -6.44405555e-02 
 2.02000000e+00 -6.48585305e-02 
 2.03000000e+00 -6.52023942e-02 
 2.04000000e+00 -6.54831290e-02 
 2.05000000e+00 -6.57107829e-02 
 2.06000000e+00 -6.58943434e-02 
 2.07000000e+00 -6.60416887e-02 
 2.08000000e+00 -6.61596006e-02 
 2.09000000e+00 -6.62538214e-02 
 2.10000000e+00 -6.63291402e-02 
 2.11000000e+00 -6.63894963e-02 
 2.12000000e+00 -6.64380896e-02 
 2.13000000e+00 -6.64774904e-02 
 2.14000000e+00 -6.65097423e-02 
 2.15000000e+00 -6.65364555e-02 
 1.15000000e+00  3.25120322e-02 
 1.16000000e+00  3.25035008e-02 
 1.17000000e+00  3.24893619e-02 
 1.18000000e+00  3.24725564e-02 
 1.19000000e+00  3.24506801e-02 
 1.20000000e+00  3.24223245e-02 
 1.21000000e+00  3.23857467e-02 
 1.22000000e+00  3.23388142e-02 
 1.23000000e+00  3.22789504e-02 
 1.24000000e+00  3.22030862e-02 
 1.25000000e+00  3.21076211e-02 
 1.26000000e+00  3.19884023e-02 
 1.27000000e+00  3.18407299e-02 
 1.28000000e+00  3.16593951e-02 
 1.29000000e+00  3.14387638e-02 
 1.30000000e+00  3.11729149e-02 
 1.31000000e+00  3.08558424e-02 
 1.32000000e+00  3.04817277e-02 
 1.33000000e+00  3.00452759e-02 
 1.34000000e+00  2.95420987e-02 
 1.35000000e+00  2.89691048e-02 
 1.36000000e+00  2.83248462e-02 
 1.37000000e+00  2.76097629e-02 
 1.38000000e+00  2.68262772e-02 
 1.39000000e+00  2.59787140e-02 
 1.40000000e+00  2.50730550e-02 
 1.41000000e+00  2.41165637e-02 
 1.42000000e+00  2.31173371e-02 
 1.43000000e+00  2.20838434e-02 
 1.44000000e+00  2.10244967e-02 
 1.45000000e+00  1.99473021e-02 
 1.46000000e+00  1.88595898e-02 
 1.47000000e+00  1.77678386e-02 
 1.48000000e+00  1.66775800e-02 
 1.49000000e+00  1.55933708e-02 
 1.50000000e+00  1.45188152e-02 
 1.51000000e+00  1.34566230e-02 
 1.52000000e+00  1.24086905e-02 
 1.53000000e+00  1.13761916e-02 
 1.54000000e+00  1.03596730e-02 
 1.55000000e+00  9.35914639e-03 
 1.56000000e+00  8.37417503e-03 
 1.57000000e+00  7.40395134e-03 
 1.58000000e+00  6.44736560e-03 
 1.59000000e+00  5.50306516e-03 
 1.60000000e+00  4.56950477e-03 
 1.61000000e+00  3.64498867e-03 
 1.62000000e+00  2.72770579e-03 
 1.63000000e+00  1.81575908e-03 
 1.64000000e+00  9.07190064e-04 
 1.65000000e+00  1.15099041e-11 
 1.66000000e+00 -9.07831198e-04 
 1.67000000e+00 -1.81832727e-03 
 1.68000000e+00 -2.73349765e-03 
 1.69000000e+00 -3.65531826e-03 
 1.70000000e+00 -4.58570996e-03 
 1.71000000e+00 -5.52651313e-03 
 1.72000000e+00 -6.47945734e-03 
 1.73000000e+00 -7.44612482e-03 
 1.74000000e+00 -8.42790669e-03 
 1.75000000e+00 -9.42595037e-03 
 1.76000000e+00 -1.04410981e-02 
 1.77000000e+00 -1.14738157e-02 
 1.78000000e+00 -1.25241112e-02 
 1.79000000e+00 -1.35914464e-02 
 1.80000000e+00 -1.46746410e-02 
 1.81000000e+00 -1.57717764e-02 
 1.82000000e+00 -1.68801024e-02 
 1.83000000e+00 -1.79959576e-02 
 1.84000000e+00 -1.91147129e-02 
 1.85000000e+00 -2.02307516e-02 
 1.86000000e+00 -2.13375009e-02 
 1.87000000e+00 -2.24275296e-02 
 1.88000000e+00 -2.34927230e-02 
 1.89000000e+00 -2.45245445e-02 
 1.90000000e+00 -2.55143786e-02 
 1.91000000e+00 -2.64539426e-02 
 1.92000000e+00 -2.73357343e-02 
 1.93000000e+00 -2.81534722e-02 
 1.94000000e+00 -2.89024732e-02 
 1.95000000e+00 -2.95799152e-02 
 1.96000000e+00 -3.01849470e-02 
 1.97000000e+00 -3.07186302e-02 
 1.98000000e+00 -3.11837297e-02 
 1.99000000e+00 -3.15843925e-02 
 2.00000000e+00 -3.19257691e-02 
 2.01000000e+00 -3.22136309e-02 
 2.02000000e+00 -3.24540217e-02 
 2.03000000e+00 -3.26529702e-02 
 2.04000000e+00 -3.28162688e-02 
 2.05000000e+00 -3.29493179e-02 
 2.06000000e+00 -3.30570263e-02 
 2.07000000e+00 -3.31437592e-02 
 2.08000000e+00 -3.32133226e-02 
 2.09000000e+00 -3.32689763e-02 
 2.10000000e+00 -3.33134674e-02 
 2.11000000e+00 -3.33490761e-02 
 2.12000000e+00 -3.33776703e-02 
 2.13000000e+00 -3.34007608e-02 
 2.14000000e+00 -3.34195569e-02 
 2.15000000e+00 -3.34350167e-02 
 1.15000000e+00  2.15725215e-11 
 1.16000000e+00  2.58104649e-11 
 1.17000000e+00  1.55830904e-11 
 1.18000000e+00  1.81725746e-11 
 1.19000000e+00  2.03730366e-11 
 1.20000000e+00  2.39075426e-11 
 1.21000000e+00  9.72555370e-12 
 1.22000000e+00  1.61008984e-11 
 1.23000000e+00  2.20055085e-11 
 1.24000000e+00  1.25091049e-11 
 1.25000000e+00  2.40953923e-11 
 1.26000000e+00  1.95874428e-11 
 1.27000000e+00  2.72422085e-11 
 1.28000000e+00  9.36761779e-12 
 1.29000000e+00  7.82218734e-12 
 1.30000000e+00  1.91615612e-11 
 1.31000000e+00  4.24060786e-12 
 1.32000000e+00  1.48676627e-11 
 1.33000000e+00  1.19393384e-11 
 1.34000000e+00  1.73590031e-11 
 1.35000000e+00  1.52047264e-11 
 1.36000000e+00  2.87263546e-11 
 1.37000000e+00  1.77045045e-11 
 1.38000000e+00  2.52375898e-11 
 1.39000000e+00  6.99795777e-12 
 1.40000000e+00  1.64432912e-11 
 1.41000000e+00  1.50506274e-11 
 1.42000000e+00  1.81921145e-11 
 1.43000000e+00  1.48250301e-11 
 1.44000000e+00  2.86806134e-11 
 1.45000000e+00  1.20206067e-11 
 1.46000000e+00  1.01385567e-11 
 1.47000000e+00  1.81872295e-11 
 1.48000000e+00  2.41517917e-11 
 1.49000000e+00  1.05262465e-11 
 1.50000000e+00  4.42001991e-12 
 1.51000000e+00  2.30619968e-11 
 1.52000000e+00  2.46966891e-11 
 1.53000000e+00  1.82778237e-11 
 1.54000000e+00  1.42810208e-11 
 1.55000000e+00  2.36912712e-11 
 1.56000000e+00  9.21485110e-12 
 1.57000000e+00  3.07442960e-11 
 1.58000000e+00  1.54072310e-11 
 1.59000000e+00  2.50865995e-11 
 1.60000000e+00  1.17261756e-11 
 1.61000000e+00  1.57323043e-11 
 1.62000000e+00  8.14415202e-12 
 1.63000000e+00  2.41540121e-11 
 1.64000000e+00  2.11497486e-11 
 1.65000000e+00  2.52242671e-11 
 1.66000000e+00  2.06203943e-11 
 1.67000000e+00  1.94928518e-11 
 1.68000000e+00  2.59463562e-11 
 1.69000000e+00  2.06461515e-11 
 1.70000000e+00  1.95821137e-11 
 1.71000000e+00  2.84425816e-11 
 1.72000000e+00  1.92748040e-11 
 1.73000000e+00  7.96163135e-12 
 1.74000000e+00  1.68784986e-11 
 1.75000000e+00  1.44884105e-11 
 1.76000000e+00  3.68993724e-12 
 1.77000000e+00  2.44786413e-11 
 1.78000000e+00  2.86020096e-11 
 1.79000000e+00  1.49387169e-11 
 1.80000000e+00  1.27009514e-11 
 1.81000000e+00  1.94906313e-11 
 1.82000000e+00  3.29576366e-11 
 1.83000000e+00  1.97175609e-11 
 1.84000000e+00  1.72324377e-11 
 1.85000000e+00  2.18491891e-11 
 1.86000000e+00  1.81294979e-11 
 1.87000000e+00  2.17261764e-11 
 1.88000000e+00  2.78852497e-11 
 1.89000000e+00  2.97535330e-11 
 1.90000000e+00  1.84785520e-11 
 1.91000000e+00  1.28501654e-11 
 1.92000000e+00 -1.18793864e-12 
 1.93000000e+00  2.45896636e-11 
 1.94000000e+00  2.80500068e-11 
 1.95000000e+00  1.32573952e-11 
 1.96000000e+00  2.11208828e-11 
 1.97000000e+00  1.78403958e-11 
 1.98000000e+00  2.17923457e-11 
 1.99000000e+00  1.60373936e-11 
 2.00000000e+00  3.46243034e-11 
 2.01000000e+00  2.98490122e-11 
 2.02000000e+00  1.56150648e-11 
 2.03000000e+00  2.41953124e-11 
 2.04000000e+00  1.53064228e-11 
 2.05000000e+00  1.79167792e-11 
 2.06000000e+00  1.92628136e-11 
 2.07000000e+00  2.86686230e-11 
 2.08000000e+00 -1.45927714e-12 
 2.09000000e+00  3.15076853e-11 
 2.10000000e+00  2.25579555e-11 
 2.11000000e+00  3.43782780e-11 
 2.12000000e+00  1.82858173e-11 
 2.13000000e+00  1.33080214e-11 
 2.14000000e+00  1.87352356e-11 
 2.15000000e+00  1.51429980e-11 
 1.15000000e+00 -3.19434382e-02 
 1.16000000e+00 -3.19309786e-02 
 1.17000000e+00 -3.19105444e-02 
 1.18000000e+00 -3.18863915e-02 
 1.19000000e+00 -3.18551894e-02 
 1.20000000e+00 -3.18150868e-02 
 1.21000000e+00 -3.17638368e-02 
 1.22000000e+00 -3.16987482e-02 
 1.23000000e+00 -3.16166451e-02 
 1.24000000e+00 -3.15138395e-02 
 1.25000000e+00 -3.13861237e-02 
 1.26000000e+00 -3.12287920e-02 
 1.27000000e+00 -3.10366983e-02 
 1.28000000e+00 -3.08043611e-02 
 1.29000000e+00 -3.05261259e-02 
 1.30000000e+00 -3.01963908e-02 
 1.31000000e+00 -2.98098980e-02 
 1.32000000e+00 -2.93620780e-02 
 1.33000000e+00 -2.88494194e-02 
 1.34000000e+00 -2.82698212e-02 
 1.35000000e+00 -2.76228710e-02 
 1.36000000e+00 -2.69100010e-02 
 1.37000000e+00 -2.61344875e-02 
 1.38000000e+00 -2.53012869e-02 
 1.39000000e+00 -2.44167349e-02 
 1.40000000e+00 -2.34881514e-02 
 1.41000000e+00 -2.25234104e-02 
 1.42000000e+00 -2.15305226e-02 
 1.43000000e+00 -2.05172726e-02 
 1.44000000e+00 -1.94909315e-02 
 1.45000000e+00 -1.84580532e-02 
 1.46000000e+00 -1.74243503e-02 
 1.47000000e+00 -1.63946386e-02 
 1.48000000e+00 -1.53728348e-02 
 1.49000000e+00 -1.43619956e-02 
 1.50000000e+00 -1.33643817e-02 
 1.51000000e+00 -1.23815382e-02 
 1.52000000e+00 -1.14143809e-02 
 1.53000000e+00 -1.04632837e-02 
 1.54000000e+00 -9.52816140e-03 
 1.55000000e+00 -8.60854610e-03 
 1.56000000e+00 -7.70365526e-03 
 1.57000000e+00 -6.81245105e-03 
 1.58000000e+00 -5.93369090e-03 
 1.59000000e+00 -5.06597007e-03 
 1.60000000e+00 -4.20775680e-03 
 1.61000000e+00 -3.35742100e-03 
 1.62000000e+00 -2.51325765e-03 
 1.63000000e+00 -1.67350556e-03 
 1.64000000e+00 -8.36362917e-04 
 1.65000000e+00  2.31112907e-11 
 1.66000000e+00  8.37429600e-04 
 1.67000000e+00  1.67777830e-03 
 1.68000000e+00  2.52289420e-03 
 1.69000000e+00  3.37460939e-03 
 1.70000000e+00  4.23472647e-03 
 1.71000000e+00  5.10500225e-03 
 1.72000000e+00  5.98712767e-03 
 1.73000000e+00  6.88270283e-03 
 1.74000000e+00  7.79320604e-03 
 1.75000000e+00  8.71995600e-03 
 1.76000000e+00  9.66406609e-03 
 1.77000000e+00  1.06263896e-02 
 1.78000000e+00  1.16074561e-02 
 1.79000000e+00  1.26073977e-02 
 1.80000000e+00  1.36258677e-02 
 1.81000000e+00  1.46619512e-02 
 1.82000000e+00  1.57140726e-02 
 1.83000000e+00  1.67799040e-02 
 1.84000000e+00  1.78562811e-02 
 1.85000000e+00  1.89391364e-02 
 1.86000000e+00  2.00234609e-02 
 1.87000000e+00  2.11033063e-02 
 1.88000000e+00  2.21718431e-02 
 1.89000000e+00  2.32214868e-02 
 1.90000000e+00  2.42441013e-02 
 1.91000000e+00  2.52312840e-02 
 1.92000000e+00  2.61747239e-02 
 1.93000000e+00  2.70666141e-02 
 1.94000000e+00  2.79000825e-02 
 1.95000000e+00  2.86695952e-02 
 1.96000000e+00  2.93712804e-02 
 1.97000000e+00  3.00031258e-02 
 1.98000000e+00  3.05650218e-02 
 1.99000000e+00  3.10586459e-02 
 2.00000000e+00  3.14872138e-02 
 2.01000000e+00  3.18551423e-02 
 2.02000000e+00  3.21676759e-02 
 2.03000000e+00  3.24305263e-02 
 2.04000000e+00  3.26495559e-02 
 2.05000000e+00  3.28305243e-02 
 2.06000000e+00  3.29789001e-02 
 2.07000000e+00  3.30997327e-02 
 2.08000000e+00  3.31975746e-02 
 2.09000000e+00  3.32764462e-02 
 2.10000000e+00  3.33398318e-02 
 2.11000000e+00  3.33906995e-02 
 2.12000000e+00  3.34315389e-02 
 2.13000000e+00  3.34644082e-02 
 2.14000000e+00  3.34909871e-02 
 2.15000000e+00  3.35126302e-02 
 1.15000000e+00 -6.23251230e-02 
 1.16000000e+00 -6.22957387e-02 
 1.17000000e+00 -6.22478771e-02 
 1.18000000e+00 -6.21915133e-02 
 1.19000000e+00 -6.21190610e-02 
 1.20000000e+00 -6.20264468e-02 
 1.21000000e+00 -6.19087843e-02 
 1.22000000e+00 -6.17602944e-02 
 1.23000000e+00 -6.15742485e-02 
 1.24000000e+00 -6.13429452e-02 
 1.25000000e+00 -6.10577369e-02 
 1.26000000e+00 -6.07091210e-02 
 1.27000000e+00 -6.02869137e-02 
 1.28000000e+00 -5.97805262e-02 
 1.29000000e+00 -5.91793555e-02 
 1.30000000e+00 -5.84732938e-02 
 1.31000000e+00 -5.76533403e-02 
 1.32000000e+00 -5.67122710e-02 
 1.33000000e+00 -5.56452960e-02 
 1.34000000e+00 -5.44506118e-02 
 1.35000000e+00 -5.31297575e-02 
 1.36000000e+00 -5.16877066e-02 
 1.37000000e+00 -5.01326678e-02 
 1.38000000e+00 -4.84756190e-02 
 1.39000000e+00 -4.67296434e-02 
 1.40000000e+00 -4.49091603e-02 
 1.41000000e+00 -4.30291443e-02 
 1.42000000e+00 -4.11044155e-02 
 1.43000000e+00 -3.91490505e-02 
 1.44000000e+00 -3.71759412e-02 
 1.45000000e+00 -3.51965038e-02 
 1.46000000e+00 -3.32205216e-02 
 1.47000000e+00 -3.12561000e-02 
 1.48000000e+00 -2.93097059e-02 
 1.49000000e+00 -2.73862679e-02 
 1.50000000e+00 -2.54893126e-02 
 1.51000000e+00 -2.36211215e-02 
 1.52000000e+00 -2.17828928e-02 
 1.53000000e+00 -1.99749001e-02 
 1.54000000e+00 -1.81966398e-02 
 1.55000000e+00 -1.64469651e-02 
 1.56000000e+00 -1.47242034e-02 
 1.57000000e+00 -1.30262577e-02 
 1.58000000e+00 -1.13506921e-02 
 1.59000000e+00 -9.69480267e-03 
 1.60000000e+00 -8.05567569e-03 
 1.61000000e+00 -6.43023448e-03 
 1.62000000e+00 -4.81527711e-03 
 1.63000000e+00 -3.20750635e-03 
 1.64000000e+00 -1.60355384e-03 
 1.65000000e+00  2.64805955e-11 
 1.66000000e+00  1.60660871e-03 
 1.67000000e+00  3.21974364e-03 
 1.68000000e+00  4.84287777e-03 
 1.69000000e+00  6.47946723e-03 
 1.70000000e+00  8.13292980e-03 
 1.71000000e+00  9.80661818e-03 
 1.72000000e+00  1.15037866e-02 
 1.73000000e+00  1.32275485e-02 
 1.74000000e+00  1.49808245e-02 
 1.75000000e+00  1.67662764e-02 
 1.76000000e+00  1.85862283e-02 
 1.77000000e+00  2.04425703e-02 
 1.78000000e+00  2.23366458e-02 
 1.79000000e+00  2.42691192e-02 
 1.80000000e+00  2.62398278e-02 
 1.81000000e+00  2.82476169e-02 
 1.82000000e+00  3.02901645e-02 
 1.83000000e+00  3.23638024e-02 
 1.84000000e+00  3.44633445e-02 
 1.85000000e+00  3.65819367e-02 
 1.86000000e+00  3.87109491e-02 
 1.87000000e+00  4.08399303e-02 
 1.88000000e+00  4.29566529e-02 
 1.89000000e+00  4.50472722e-02 
 1.90000000e+00  4.70966221e-02 
 1.91000000e+00  4.90886605e-02 
 1.92000000e+00  5.10070626e-02 
 1.93000000e+00  5.28359387e-02 
 1.94000000e+00  5.45606301e-02 
 1.95000000e+00  5.61685095e-02 
 1.96000000e+00  5.76496979e-02 
 1.97000000e+00  5.89976064e-02 
 1.98000000e+00  6.02092282e-02 
 1.99000000e+00  6.12851422e-02 
 2.00000000e+00  6.22292368e-02 
 2.01000000e+00  6.30482060e-02 
 2.02000000e+00  6.37509017e-02 
 2.03000000e+00  6.43476357e-02 
 2.04000000e+00  6.48495116e-02 
 2.05000000e+00  6.52678441e-02 
 2.06000000e+00  6.56136943e-02 
 2.07000000e+00  6.58975261e-02 
 2.08000000e+00  6.61289740e-02 
 2.09000000e+00  6.63167066e-02 
 2.10000000e+00  6.64683659e-02 
 2.11000000e+00  6.65905672e-02 
 2.12000000e+00  6.66889421e-02 
 2.13000000e+00  6.67682120e-02 
 2.14000000e+00  6.68322805e-02 
 2.15000000e+00  6.68843336e-02 
