 0.00000000e+00  1.61747394e+00  0.00000000e+00  1.50218178e-01  0.00000000e+00  1.01505412e+00  0.00000000e+00  4.90429331e-17  0.00000000e+00  1.50218178e-01  0.00000000e+00  1.01505412e+00  0.00000000e+00  4.90429331e-17  0.00000000e+00  1.64875606e+00  0.00000000e+00  6.88215246e-01  0.00000000e+00  1.57016191e-04  0.00000000e+00  1.64875619e+00  0.00000000e+00  6.88215196e-01  0.00000000e+00  1.56145864e-04  0.00000000e+00  1.64875637e+00  0.00000000e+00  6.88215133e-01  0.00000000e+00  1.55063567e-04  0.00000000e+00  9.71024491e-01  0.00000000e+00  1.02647851e+00  0.00000000e+00  2.41108964e-06  0.00000000e+00  1.00932266e+00  0.00000000e+00  1.02806986e+00  0.00000000e+00  4.61344680e-06 
 1.00000000e-06  1.61922644e+00  1.00000000e-06  7.91886776e-01  1.00000000e-06  8.54385940e-01  1.00000000e-06  1.00156335e-06  1.00000000e-06  1.50219273e-01  1.00000000e-06  1.01505353e+00  1.00000000e-06  4.90456437e-17  1.00000000e-06  1.64875663e+00  1.00000000e-06  6.88215245e-01  1.00000000e-06  1.56985234e-04  1.00000000e-06  1.64875676e+00  1.00000000e-06  6.88215196e-01  1.00000000e-06  1.56145435e-04  1.00000000e-06  1.64875693e+00  1.00000000e-06  6.88215133e-01  1.00000000e-06  1.55063154e-04  1.00000000e-06  9.72335291e-01  1.00000000e-06  1.02666443e+00  1.00000000e-06  2.46782861e-06  1.00000000e-06  1.00885142e+00  1.00000000e-06  1.02825089e+00  1.00000000e-06  4.55717256e-06 
 2.00000000e-06  1.62099853e+00  2.00000000e-06  8.18133330e-01  2.00000000e-06  8.46967455e-01  2.00000000e-06  2.00268605e-06  2.00000000e-06  1.50217750e-01  2.00000000e-06  1.01505352e+00  2.00000000e-06  4.90433383e-17  2.00000000e-06  1.64875720e+00  2.00000000e-06  6.88215243e-01  2.00000000e-06  1.56954338e-04  2.00000000e-06  1.64875733e+00  2.00000000e-06  6.88215196e-01  2.00000000e-06  1.56145009e-04  2.00000000e-06  1.64875750e+00  2.00000000e-06  6.88215133e-01  2.00000000e-06  1.55062743e-04  2.00000000e-06  9.73638795e-01  2.00000000e-06  1.02685242e+00  2.00000000e-06  2.52521416e-06  2.00000000e-06  1.00836812e+00  2.00000000e-06  1.02843399e+00  2.00000000e-06  4.50025705e-06 
 3.00000000e-06  1.62278956e+00  3.00000000e-06  8.34812726e-01  3.00000000e-06  8.42211065e-01  3.00000000e-06  3.00039335e-06  3.00000000e-06  1.50216232e-01  3.00000000e-06  1.01505352e+00  3.00000000e-06  4.90410394e-17  3.00000000e-06  1.64875778e+00  3.00000000e-06  6.88215241e-01  3.00000000e-06  1.56923502e-04  3.00000000e-06  1.64875790e+00  3.00000000e-06  6.88215196e-01  3.00000000e-06  1.56144585e-04  3.00000000e-06  1.64875807e+00  3.00000000e-06  6.88215133e-01  3.00000000e-06  1.55062334e-04  3.00000000e-06  9.74934854e-01  3.00000000e-06  1.02704250e+00  3.00000000e-06  2.58322529e-06  3.00000000e-06  1.00787262e+00  3.00000000e-06  1.02861916e+00  3.00000000e-06  4.44272134e-06 
 4.00000000e-06  1.62459882e+00  4.00000000e-06  8.47621785e-01  4.00000000e-06  8.38535827e-01  4.00000000e-06  4.01162364e-06  4.00000000e-06  1.50214718e-01  4.00000000e-06  1.01505351e+00  4.00000000e-06  4.90387475e-17  4.00000000e-06  1.64875836e+00  4.00000000e-06  6.88215239e-01  4.00000000e-06  1.56892726e-04  4.00000000e-06  1.64875848e+00  4.00000000e-06  6.88215196e-01  4.00000000e-06  1.56144163e-04  4.00000000e-06  1.64875865e+00  4.00000000e-06  6.88215133e-01  4.00000000e-06  1.55061927e-04  4.00000000e-06  9.76223324e-01  4.00000000e-06  1.02723469e+00  4.00000000e-06  2.64184008e-06  4.00000000e-06  1.00736481e+00  4.00000000e-06  1.02880643e+00  4.00000000e-06  4.38458754e-06 
 5.00000000e-06  1.62642561e+00  5.00000000e-06  8.57942563e-01  5.00000000e-06  8.35560227e-01  5.00000000e-06  5.00520174e-06  5.00000000e-06  1.50213208e-01  5.00000000e-06  1.01505351e+00  5.00000000e-06  4.90364619e-17  5.00000000e-06  1.64875895e+00  5.00000000e-06  6.88215237e-01  5.00000000e-06  1.56862011e-04  5.00000000e-06  1.64875907e+00  5.00000000e-06  6.88215196e-01  5.00000000e-06  1.56143743e-04  5.00000000e-06  1.64875924e+00  5.00000000e-06  6.88215133e-01  5.00000000e-06  1.55061521e-04  5.00000000e-06  9.77504062e-01  5.00000000e-06  1.02742902e+00  5.00000000e-06  2.70103541e-06  5.00000000e-06  1.00684459e+00  5.00000000e-06  1.02899583e+00  5.00000000e-06  4.32587853e-06 
 6.00000000e-06  1.62826917e+00  6.00000000e-06  8.66832981e-01  6.00000000e-06  8.32986635e-01  6.00000000e-06  6.00181963e-06  6.00000000e-06  1.50211703e-01  6.00000000e-06  1.01505350e+00  6.00000000e-06  4.90341830e-17  6.00000000e-06  1.64875955e+00  6.00000000e-06  6.88215236e-01  6.00000000e-06  1.56831358e-04  6.00000000e-06  1.64875966e+00  6.00000000e-06  6.88215196e-01  6.00000000e-06  1.56143324e-04  6.00000000e-06  1.64875983e+00  6.00000000e-06  6.88215133e-01  6.00000000e-06  1.55061118e-04  6.00000000e-06  9.78776928e-01  6.00000000e-06  1.02762551e+00  6.00000000e-06  2.76078733e-06  6.00000000e-06  1.00631184e+00  6.00000000e-06  1.02918737e+00  6.00000000e-06  4.26661848e-06 
 7.00000000e-06  1.63012873e+00  7.00000000e-06  8.74707600e-01  7.00000000e-06  8.30699003e-01  7.00000000e-06  7.00095899e-06  7.00000000e-06  1.50210201e-01  7.00000000e-06  1.01505350e+00  7.00000000e-06  4.90319107e-17  7.00000000e-06  1.64876015e+00  7.00000000e-06  6.88215234e-01  7.00000000e-06  1.56800766e-04  7.00000000e-06  1.64876026e+00  7.00000000e-06  6.88215196e-01  7.00000000e-06  1.56142908e-04  7.00000000e-06  1.64876043e+00  7.00000000e-06  6.88215133e-01  7.00000000e-06  1.55060717e-04  7.00000000e-06  9.80041784e-01  7.00000000e-06  1.02782416e+00  7.00000000e-06  2.82107079e-06  7.00000000e-06  1.00576644e+00  7.00000000e-06  1.02938108e+00  7.00000000e-06  4.20683245e-06 
 8.00000000e-06  1.63200347e+00  8.00000000e-06  8.81808919e-01  8.00000000e-06  8.28629455e-01  8.00000000e-06  8.00057416e-06  8.00000000e-06  1.50208704e-01  8.00000000e-06  1.01505349e+00  8.00000000e-06  4.90296446e-17  8.00000000e-06  1.64876076e+00  8.00000000e-06  6.88215232e-01  8.00000000e-06  1.56770236e-04  8.00000000e-06  1.64876086e+00  8.00000000e-06  6.88215196e-01  8.00000000e-06  1.56142493e-04  8.00000000e-06  1.64876103e+00  8.00000000e-06  6.88215133e-01  8.00000000e-06  1.55060317e-04  8.00000000e-06  9.81298495e-01  8.00000000e-06  1.02802501e+00  8.00000000e-06  2.88185980e-06  8.00000000e-06  1.00520831e+00  8.00000000e-06  1.02957697e+00  8.00000000e-06  4.14654650e-06 
 9.00000000e-06  1.63389256e+00  9.00000000e-06  8.88306741e-01  9.00000000e-06  8.26730291e-01  9.00000000e-06  9.00035780e-06  9.00000000e-06  1.50207211e-01  9.00000000e-06  1.01505349e+00  9.00000000e-06  4.90273848e-17  9.00000000e-06  1.64876137e+00  9.00000000e-06  6.88215230e-01  9.00000000e-06  1.56739769e-04  9.00000000e-06  1.64876146e+00  9.00000000e-06  6.88215196e-01  9.00000000e-06  1.56142081e-04  9.00000000e-06  1.64876163e+00  9.00000000e-06  6.88215133e-01  9.00000000e-06  1.55059919e-04  9.00000000e-06  9.82546929e-01  9.00000000e-06  1.02822806e+00  9.00000000e-06  2.94312740e-06  9.00000000e-06  1.00463733e+00  9.00000000e-06  1.02977507e+00  9.00000000e-06  4.08578762e-06 
 1.00000000e-05  1.63579512e+00  1.00000000e-05  8.94320004e-01  1.00000000e-05  8.24968042e-01  1.00000000e-05  1.00002342e-05  1.00000000e-05  1.50205722e-01  1.00000000e-05  1.01505348e+00  1.00000000e-05  4.90251314e-17  1.00000000e-05  1.64876198e+00  1.00000000e-05  6.88215229e-01  1.00000000e-05  1.56709364e-04  1.00000000e-05  1.64876207e+00  1.00000000e-05  6.88215196e-01  1.00000000e-05  1.56141670e-04  1.00000000e-05  1.64876224e+00  1.00000000e-05  6.88215133e-01  1.00000000e-05  1.55059523e-04  1.00000000e-05  9.83786953e-01  1.00000000e-05  1.02843333e+00  1.00000000e-05  3.00484573e-06  1.00000000e-05  1.00405342e+00  1.00000000e-05  1.02997539e+00  1.00000000e-05  4.02458375e-06 
 1.10000000e-05  1.63771027e+00  1.10000000e-05  8.99934835e-01  1.10000000e-05  8.23318442e-01  1.10000000e-05  1.10001596e-05  1.10000000e-05  1.50204237e-01  1.10000000e-05  1.01505348e+00  1.10000000e-05  4.90228842e-17  1.10000000e-05  1.64876260e+00  1.10000000e-05  6.88215227e-01  1.10000000e-05  1.56679023e-04  1.10000000e-05  1.64876269e+00  1.10000000e-05  6.88215196e-01  1.10000000e-05  1.56141261e-04  1.10000000e-05  1.64876286e+00  1.10000000e-05  6.88215133e-01  1.10000000e-05  1.55059129e-04  1.10000000e-05  9.85018440e-01  1.10000000e-05  1.02864085e+00  1.10000000e-05  3.06698599e-06  1.10000000e-05  1.00345646e+00  1.10000000e-05  1.03017794e+00  1.10000000e-05  3.96296369e-06 
 1.20000000e-05  1.63963708e+00  1.20000000e-05  9.05215727e-01  1.20000000e-05  8.21763302e-01  1.20000000e-05  1.20001123e-05  1.20000000e-05  1.50202756e-01  1.20000000e-05  1.01505347e+00  1.20000000e-05  4.90206433e-17  1.20000000e-05  1.64876322e+00  1.20000000e-05  6.88215225e-01  1.20000000e-05  1.56648744e-04  1.20000000e-05  1.64876330e+00  1.20000000e-05  6.88215195e-01  1.20000000e-05  1.56140853e-04  1.20000000e-05  1.64876347e+00  1.20000000e-05  6.88215133e-01  1.20000000e-05  1.55058736e-04  1.20000000e-05  9.86241263e-01  1.20000000e-05  1.02885062e+00  1.20000000e-05  3.12951856e-06  1.20000000e-05  1.00284638e+00  1.20000000e-05  1.03038276e+00  1.20000000e-05  3.90095712e-06 
 1.30000000e-05  1.64157461e+00  1.30000000e-05  9.10212278e-01  1.30000000e-05  8.20288616e-01  1.30000000e-05  1.30000811e-05  1.30000000e-05  1.50201279e-01  1.30000000e-05  1.01505347e+00  1.30000000e-05  4.90184083e-17  1.30000000e-05  1.64876385e+00  1.30000000e-05  6.88215223e-01  1.30000000e-05  1.56618530e-04  1.30000000e-05  1.64876392e+00  1.30000000e-05  6.88215195e-01  1.30000000e-05  1.56140447e-04  1.30000000e-05  1.64876409e+00  1.30000000e-05  6.88215132e-01  1.30000000e-05  1.55058345e-04  1.30000000e-05  9.87455301e-01  1.30000000e-05  1.02906266e+00  1.30000000e-05  3.19241298e-06  1.30000000e-05  1.00222309e+00  1.30000000e-05  1.03058985e+00  1.30000000e-05  3.83859455e-06 
 1.40000000e-05  1.64352190e+00  1.40000000e-05  9.14963494e-01  1.40000000e-05  8.18883365e-01  1.40000000e-05  1.40000598e-05  1.40000000e-05  1.50199806e-01  1.40000000e-05  1.01505346e+00  1.40000000e-05  4.90161795e-17  1.40000000e-05  1.64876447e+00  1.40000000e-05  6.88215222e-01  1.40000000e-05  1.56588380e-04  1.40000000e-05  1.64876455e+00  1.40000000e-05  6.88215195e-01  1.40000000e-05  1.56140043e-04  1.40000000e-05  1.64876472e+00  1.40000000e-05  6.88215132e-01  1.40000000e-05  1.55057955e-04  1.40000000e-05  9.88660432e-01  1.40000000e-05  1.02927699e+00  1.40000000e-05  3.25563799e-06  1.40000000e-05  1.00158650e+00  1.40000000e-05  1.03079923e+00  1.40000000e-05  3.77590726e-06 
 1.50000000e-05  1.64547794e+00  1.50000000e-05  9.19500628e-01  1.50000000e-05  8.17538709e-01  1.50000000e-05  1.50000448e-05  1.50000000e-05  1.50198337e-01  1.50000000e-05  1.01505346e+00  1.50000000e-05  4.90139566e-17  1.50000000e-05  1.64876511e+00  1.50000000e-05  6.88215220e-01  1.50000000e-05  1.56558294e-04  1.50000000e-05  1.64876517e+00  1.50000000e-05  6.88215195e-01  1.50000000e-05  1.56139640e-04  1.50000000e-05  1.64876534e+00  1.50000000e-05  6.88215132e-01  1.50000000e-05  1.55057567e-04  1.50000000e-05  9.89856538e-01  1.50000000e-05  1.02949361e+00  1.50000000e-05  3.31916158e-06  1.50000000e-05  1.00093652e+00  1.50000000e-05  1.03101091e+00  1.50000000e-05  3.71292731e-06 
 1.60000000e-05  1.64744173e+00  1.60000000e-05  9.23849138e-01  1.60000000e-05  8.16247445e-01  1.60000000e-05  1.60000340e-05  1.60000000e-05  1.50196872e-01  1.60000000e-05  1.01505346e+00  1.60000000e-05  4.90117397e-17  1.60000000e-05  1.64876574e+00  1.60000000e-05  6.88215218e-01  1.60000000e-05  1.56528273e-04  1.60000000e-05  1.64876580e+00  1.60000000e-05  6.88215195e-01  1.60000000e-05  1.56139239e-04  1.60000000e-05  1.64876597e+00  1.60000000e-05  6.88215132e-01  1.60000000e-05  1.55057180e-04  1.60000000e-05  9.91043504e-01  1.60000000e-05  1.02971254e+00  1.60000000e-05  3.38295106e-06  1.60000000e-05  1.00027309e+00  1.60000000e-05  1.03122491e+00  1.60000000e-05  3.64968742e-06 
 1.70000000e-05  1.64941224e+00  1.70000000e-05  9.28030046e-01  1.70000000e-05  8.15003618e-01  1.70000000e-05  1.70000261e-05  1.70000000e-05  1.50195411e-01  1.70000000e-05  1.01505345e+00  1.70000000e-05  4.90095287e-17  1.70000000e-05  1.64876637e+00  1.70000000e-05  6.88215216e-01  1.70000000e-05  1.56498317e-04  1.70000000e-05  1.64876643e+00  1.70000000e-05  6.88215195e-01  1.70000000e-05  1.56138839e-04  1.70000000e-05  1.64876660e+00  1.70000000e-05  6.88215132e-01  1.70000000e-05  1.55056795e-04  1.70000000e-05  9.92221220e-01  1.70000000e-05  1.02993380e+00  1.70000000e-05  3.44697302e-06  1.70000000e-05  9.99596134e-01  1.70000000e-05  1.03144125e+00  1.70000000e-05  3.58622101e-06 
 1.80000000e-05  1.65138842e+00  1.80000000e-05  9.32060928e-01  1.80000000e-05  8.13802250e-01  1.80000000e-05  1.80000201e-05  1.80000000e-05  1.50193953e-01  1.80000000e-05  1.01505345e+00  1.80000000e-05  4.90073235e-17  1.80000000e-05  1.64876701e+00  1.80000000e-05  6.88215215e-01  1.80000000e-05  1.56468427e-04  1.80000000e-05  1.64876706e+00  1.80000000e-05  6.88215195e-01  1.80000000e-05  1.56138441e-04  1.80000000e-05  1.64876723e+00  1.80000000e-05  6.88215132e-01  1.80000000e-05  1.55056411e-04  1.80000000e-05  9.93389574e-01  1.80000000e-05  1.03015738e+00  1.80000000e-05  3.51119349e-06  1.80000000e-05  9.98905574e-01  1.80000000e-05  1.03165993e+00  1.80000000e-05  3.52256211e-06 
 1.90000000e-05  1.65336920e+00  1.90000000e-05  9.35956638e-01  1.90000000e-05  8.12639129e-01  1.90000000e-05  1.90000156e-05  1.90000000e-05  1.50192499e-01  1.90000000e-05  1.01505344e+00  1.90000000e-05  4.90051242e-17  1.90000000e-05  1.64876765e+00  1.90000000e-05  6.88215213e-01  1.90000000e-05  1.56438603e-04  1.90000000e-05  1.64876769e+00  1.90000000e-05  6.88215195e-01  1.90000000e-05  1.56138044e-04  1.90000000e-05  1.64876786e+00  1.90000000e-05  6.88215132e-01  1.90000000e-05  1.55056029e-04  1.90000000e-05  9.94548462e-01  1.90000000e-05  1.03038331e+00  1.90000000e-05  3.57557791e-06  1.90000000e-05  9.98201349e-01  1.90000000e-05  1.03188096e+00  1.90000000e-05  3.45874529e-06 
 2.00000000e-05  1.65535349e+00  2.00000000e-05  9.39729848e-01  2.00000000e-05  8.11510660e-01  2.00000000e-05  2.00000121e-05  2.00000000e-05  1.50191049e-01  2.00000000e-05  1.01505344e+00  2.00000000e-05  4.90029305e-17  2.00000000e-05  1.64876829e+00  2.00000000e-05  6.88215211e-01  2.00000000e-05  1.56408845e-04  2.00000000e-05  1.64876833e+00  2.00000000e-05  6.88215195e-01  2.00000000e-05  1.56137648e-04  2.00000000e-05  1.64876850e+00  2.00000000e-05  6.88215132e-01  2.00000000e-05  1.55055648e-04  2.00000000e-05  9.95697781e-01  2.00000000e-05  1.03061158e+00  2.00000000e-05  3.64009118e-06  2.00000000e-05  9.97483399e-01  2.00000000e-05  1.03210437e+00  2.00000000e-05  3.39480568e-06 
 2.10000000e-05  1.65734021e+00  2.10000000e-05  9.43391463e-01  2.10000000e-05  8.10413749e-01  2.10000000e-05  2.10000094e-05  2.10000000e-05  1.50189603e-01  2.10000000e-05  1.01505343e+00  2.10000000e-05  4.90007425e-17  2.10000000e-05  1.64876892e+00  2.10000000e-05  6.88215209e-01  2.10000000e-05  1.56379154e-04  2.10000000e-05  1.64876896e+00  2.10000000e-05  6.88215195e-01  2.10000000e-05  1.56137254e-04  2.10000000e-05  1.64876913e+00  2.10000000e-05  6.88215132e-01  2.10000000e-05  1.55055268e-04  2.10000000e-05  9.96837432e-01  2.10000000e-05  1.03084222e+00  2.10000000e-05  3.70469776e-06  2.10000000e-05  9.96751665e-01  2.10000000e-05  1.03233016e+00  2.10000000e-05  3.33077884e-06 
 2.20000000e-05  1.65932824e+00  2.20000000e-05  9.46950938e-01  2.20000000e-05  8.09345712e-01  2.20000000e-05  2.20000072e-05  2.20000000e-05  1.50188160e-01  2.20000000e-05  1.01505343e+00  2.20000000e-05  4.89985603e-17  2.20000000e-05  1.64876956e+00  2.20000000e-05  6.88215208e-01  2.20000000e-05  1.56349530e-04  2.20000000e-05  1.64876960e+00  2.20000000e-05  6.88215195e-01  2.20000000e-05  1.56136861e-04  2.20000000e-05  1.64876977e+00  2.20000000e-05  6.88215132e-01  2.20000000e-05  1.55054889e-04  2.20000000e-05  9.97967317e-01  2.20000000e-05  1.03107522e+00  2.20000000e-05  3.76936170e-06  2.20000000e-05  9.96006096e-01  2.20000000e-05  1.03255833e+00  2.20000000e-05  3.26670074e-06 
 2.30000000e-05  1.66131647e+00  2.30000000e-05  9.50416528e-01  2.30000000e-05  8.08304205e-01  2.30000000e-05  2.30000055e-05  2.30000000e-05  1.50186721e-01  2.30000000e-05  1.01505342e+00  2.30000000e-05  4.89963834e-17  2.30000000e-05  1.64877020e+00  2.30000000e-05  6.88215206e-01  2.30000000e-05  1.56319973e-04  2.30000000e-05  1.64877023e+00  2.30000000e-05  6.88215195e-01  2.30000000e-05  1.56136469e-04  2.30000000e-05  1.64877040e+00  2.30000000e-05  6.88215132e-01  2.30000000e-05  1.55054512e-04  2.30000000e-05  9.99087345e-01  2.30000000e-05  1.03131059e+00  2.30000000e-05  3.83404671e-06  2.30000000e-05  9.95246644e-01  2.30000000e-05  1.03278890e+00  2.30000000e-05  3.20260770e-06 
 2.40000000e-05  1.66330377e+00  2.40000000e-05  9.53795487e-01  2.40000000e-05  8.07287166e-01  2.40000000e-05  2.40000041e-05  2.40000000e-05  1.50185285e-01  2.40000000e-05  1.01505342e+00  2.40000000e-05  4.89942122e-17  2.40000000e-05  1.64877084e+00  2.40000000e-05  6.88215204e-01  2.40000000e-05  1.56290484e-04  2.40000000e-05  1.64877087e+00  2.40000000e-05  6.88215195e-01  2.40000000e-05  1.56136079e-04  2.40000000e-05  1.64877104e+00  2.40000000e-05  6.88215132e-01  2.40000000e-05  1.55054135e-04  2.40000000e-05  1.00019743e+00  2.40000000e-05  1.03154834e+00  2.40000000e-05  3.89871617e-06  2.40000000e-05  9.94473264e-01  2.40000000e-05  1.03302187e+00  2.40000000e-05  3.13853634e-06 
 2.50000000e-05  1.66528900e+00  2.50000000e-05  9.57094224e-01  2.50000000e-05  8.06292773e-01  2.50000000e-05  2.50000030e-05  2.50000000e-05  1.50183853e-01  2.50000000e-05  1.01505341e+00  2.50000000e-05  4.89920463e-17  2.50000000e-05  1.64877148e+00  2.50000000e-05  6.88215202e-01  2.50000000e-05  1.56261063e-04  2.50000000e-05  1.64877150e+00  2.50000000e-05  6.88215195e-01  2.50000000e-05  1.56135689e-04  2.50000000e-05  1.64877167e+00  2.50000000e-05  6.88215132e-01  2.50000000e-05  1.55053760e-04  2.50000000e-05  1.00129747e+00  2.50000000e-05  1.03178848e+00  2.50000000e-05  3.96333325e-06  2.50000000e-05  9.93685919e-01  2.50000000e-05  1.03325726e+00  2.50000000e-05  3.07452351e-06 
 2.60000000e-05  1.66727104e+00  2.60000000e-05  9.60318432e-01  2.60000000e-05  8.05319409e-01  2.60000000e-05  2.60000020e-05  2.60000000e-05  1.50182425e-01  2.60000000e-05  1.01505341e+00  2.60000000e-05  4.89898860e-17  2.60000000e-05  1.64877212e+00  2.60000000e-05  6.88215201e-01  2.60000000e-05  1.56231710e-04  2.60000000e-05  1.64877213e+00  2.60000000e-05  6.88215195e-01  2.60000000e-05  1.56135301e-04  2.60000000e-05  1.64877230e+00  2.60000000e-05  6.88215132e-01  2.60000000e-05  1.55053386e-04  2.60000000e-05  1.00238741e+00  2.60000000e-05  1.03203099e+00  2.60000000e-05  4.02786095e-06  2.60000000e-05  9.92884574e-01  2.60000000e-05  1.03349506e+00  2.60000000e-05  3.01060622e-06 
 2.70000000e-05  1.66924873e+00  2.70000000e-05  9.63473195e-01  2.70000000e-05  8.04365627e-01  2.70000000e-05  2.70000013e-05  2.70000000e-05  1.50181000e-01  2.70000000e-05  1.01505340e+00  2.70000000e-05  4.89877309e-17  2.70000000e-05  1.64877275e+00  2.70000000e-05  6.88215199e-01  2.70000000e-05  1.56202427e-04  2.70000000e-05  1.64877276e+00  2.70000000e-05  6.88215195e-01  2.70000000e-05  1.56134914e-04  2.70000000e-05  1.64877293e+00  2.70000000e-05  6.88215132e-01  2.70000000e-05  1.55053013e-04  2.70000000e-05  1.00346715e+00  2.70000000e-05  1.03227590e+00  2.70000000e-05  4.09226216e-06  2.70000000e-05  9.92069200e-01  2.70000000e-05  1.03373528e+00  2.70000000e-05  2.94682159e-06 
 2.80000000e-05  1.67122095e+00  2.80000000e-05  9.66563067e-01  2.80000000e-05  8.03430132e-01  2.80000000e-05  2.80000006e-05  2.80000000e-05  1.50179578e-01  2.80000000e-05  1.01505340e+00  2.80000000e-05  4.89855814e-17  2.80000000e-05  1.64877338e+00  2.80000000e-05  6.88215197e-01  2.80000000e-05  1.56173213e-04  2.80000000e-05  1.64877339e+00  2.80000000e-05  6.88215195e-01  2.80000000e-05  1.56134527e-04  2.80000000e-05  1.64877356e+00  2.80000000e-05  6.88215132e-01  2.80000000e-05  1.55052641e-04  2.80000000e-05  1.00453663e+00  2.80000000e-05  1.03252319e+00  2.80000000e-05  4.15649974e-06  2.80000000e-05  9.91239774e-01  2.80000000e-05  1.03397793e+00  2.80000000e-05  2.88320677e-06 
 2.90000000e-05  1.67318654e+00  2.90000000e-05  9.69592152e-01  2.90000000e-05  8.02511756e-01  2.90000000e-05  2.90000001e-05  2.90000000e-05  1.50178160e-01  2.90000000e-05  1.01505340e+00  2.90000000e-05  4.89834370e-17  2.90000000e-05  1.64877402e+00  2.90000000e-05  6.88215196e-01  2.90000000e-05  1.56144068e-04  2.90000000e-05  1.64877402e+00  2.90000000e-05  6.88215195e-01  2.90000000e-05  1.56134142e-04  2.90000000e-05  1.64877419e+00  2.90000000e-05  6.88215132e-01  2.90000000e-05  1.55052269e-04  2.90000000e-05  1.00559577e+00  2.90000000e-05  1.03277287e+00  2.90000000e-05  4.22053656e-06  2.90000000e-05  9.90396277e-01  2.90000000e-05  1.03422300e+00  2.90000000e-05  2.81979888e-06 
 3.00000000e-05  1.67514438e+00  3.00000000e-05  9.72564156e-01  3.00000000e-05  8.01609444e-01  3.00000000e-05  2.99999997e-05  3.00000000e-05  1.50176745e-01  3.00000000e-05  1.01505339e+00  3.00000000e-05  4.89812980e-17  3.00000000e-05  1.64877464e+00  3.00000000e-05  6.88215194e-01  3.00000000e-05  1.56114994e-04  3.00000000e-05  1.64877464e+00  3.00000000e-05  6.88215195e-01  3.00000000e-05  1.56133757e-04  3.00000000e-05  1.64877481e+00  3.00000000e-05  6.88215132e-01  3.00000000e-05  1.55051899e-04  3.00000000e-05  1.00664451e+00  3.00000000e-05  1.03302494e+00  3.00000000e-05  4.28433558e-06  3.00000000e-05  9.89538695e-01  3.00000000e-05  1.03447050e+00  3.00000000e-05  2.75663497e-06 
 3.10000000e-05  1.67709334e+00  3.10000000e-05  9.75482441e-01  3.10000000e-05  8.00722239e-01  3.10000000e-05  3.09999993e-05  3.10000000e-05  1.50175334e-01  3.10000000e-05  1.01505339e+00  3.10000000e-05  4.89791640e-17  3.10000000e-05  1.64877527e+00  3.10000000e-05  6.88215192e-01  3.10000000e-05  1.56085990e-04  3.10000000e-05  1.64877526e+00  3.10000000e-05  6.88215195e-01  3.10000000e-05  1.56133374e-04  3.10000000e-05  1.64877543e+00  3.10000000e-05  6.88215132e-01  3.10000000e-05  1.55051529e-04  3.10000000e-05  1.00768279e+00  3.10000000e-05  1.03327939e+00  3.10000000e-05  4.34785994e-06  3.10000000e-05  9.88667020e-01  3.10000000e-05  1.03472043e+00  3.10000000e-05  2.69375189e-06 
 3.20000000e-05  1.67903229e+00  3.20000000e-05  9.78350066e-01  3.20000000e-05  7.99849270e-01  3.20000000e-05  3.19999990e-05  3.20000000e-05  1.50173926e-01  3.20000000e-05  1.01505338e+00  3.20000000e-05  4.89770353e-17  3.20000000e-05  1.64877589e+00  3.20000000e-05  6.88215191e-01  3.20000000e-05  1.56057057e-04  3.20000000e-05  1.64877588e+00  3.20000000e-05  6.88215195e-01  3.20000000e-05  1.56132991e-04  3.20000000e-05  1.64877605e+00  3.20000000e-05  6.88215132e-01  3.20000000e-05  1.55051161e-04  3.20000000e-05  1.00871054e+00  3.20000000e-05  1.03353623e+00  3.20000000e-05  4.41107299e-06  3.20000000e-05  9.87781252e-01  3.20000000e-05  1.03497278e+00  3.20000000e-05  2.63118629e-06 
 3.30000000e-05  1.68096012e+00  3.30000000e-05  9.81169823e-01  3.30000000e-05  7.98989743e-01  3.30000000e-05  3.29999987e-05  3.30000000e-05  1.50172521e-01  3.30000000e-05  1.01505338e+00  3.30000000e-05  4.89749115e-17  3.30000000e-05  1.64877651e+00  3.30000000e-05  6.88215189e-01  3.30000000e-05  1.56028195e-04  3.30000000e-05  1.64877649e+00  3.30000000e-05  6.88215195e-01  3.30000000e-05  1.56132609e-04  3.30000000e-05  1.64877666e+00  3.30000000e-05  6.88215132e-01  3.30000000e-05  1.55050792e-04  3.30000000e-05  1.00972773e+00  3.30000000e-05  1.03379544e+00  3.30000000e-05  4.47393841e-06  3.30000000e-05  9.86881393e-01  3.30000000e-05  1.03522755e+00  3.30000000e-05  2.56897448e-06 
 3.40000000e-05  1.68287573e+00  3.40000000e-05  9.83944270e-01  3.40000000e-05  7.98142927e-01  3.40000000e-05  3.39999984e-05  3.40000000e-05  1.50171120e-01  3.40000000e-05  1.01505337e+00  3.40000000e-05  4.89727930e-17  3.40000000e-05  1.64877712e+00  3.40000000e-05  6.88215187e-01  3.40000000e-05  1.55999405e-04  3.40000000e-05  1.64877710e+00  3.40000000e-05  6.88215195e-01  3.40000000e-05  1.56132228e-04  3.40000000e-05  1.64877727e+00  3.40000000e-05  6.88215132e-01  3.40000000e-05  1.55050425e-04  3.40000000e-05  1.01073429e+00  3.40000000e-05  1.03405703e+00  3.40000000e-05  4.53642022e-06  3.40000000e-05  9.85967453e-01  3.40000000e-05  1.03548475e+00  3.40000000e-05  2.50715243e-06 
 3.50000000e-05  1.68477804e+00  3.50000000e-05  9.86675750e-01  3.50000000e-05  7.97308157e-01  3.50000000e-05  3.49999982e-05  3.50000000e-05  1.50169722e-01  3.50000000e-05  1.01505337e+00  3.50000000e-05  4.89706794e-17  3.50000000e-05  1.64877773e+00  3.50000000e-05  6.88215186e-01  3.50000000e-05  1.55970687e-04  3.50000000e-05  1.64877771e+00  3.50000000e-05  6.88215195e-01  3.50000000e-05  1.56131847e-04  3.50000000e-05  1.64877788e+00  3.50000000e-05  6.88215132e-01  3.50000000e-05  1.55050058e-04  3.50000000e-05  1.01173020e+00  3.50000000e-05  1.03432098e+00  3.50000000e-05  4.59848290e-06  3.50000000e-05  9.85039447e-01  3.50000000e-05  1.03574436e+00  3.50000000e-05  2.44575565e-06 
 3.60000000e-05  1.68666597e+00  3.60000000e-05  9.89366425e-01  3.60000000e-05  7.96484815e-01  3.60000000e-05  3.59999981e-05  3.60000000e-05  1.50168327e-01  3.60000000e-05  1.01505336e+00  3.60000000e-05  4.89685709e-17  3.60000000e-05  1.64877834e+00  3.60000000e-05  6.88215184e-01  3.60000000e-05  1.55942041e-04  3.60000000e-05  1.64877831e+00  3.60000000e-05  6.88215195e-01  3.60000000e-05  1.56131467e-04  3.60000000e-05  1.64877848e+00  3.60000000e-05  6.88215132e-01  3.60000000e-05  1.55049692e-04  3.60000000e-05  1.01271540e+00  3.60000000e-05  1.03458728e+00  3.60000000e-05  4.66009142e-06  3.60000000e-05  9.84097399e-01  3.60000000e-05  1.03600638e+00  3.60000000e-05  2.38481913e-06 
 3.70000000e-05  1.68853847e+00  3.70000000e-05  9.92018285e-01  3.70000000e-05  7.95672335e-01  3.70000000e-05  3.69999979e-05  3.70000000e-05  1.50166936e-01  3.70000000e-05  1.01505336e+00  3.70000000e-05  4.89664672e-17  3.70000000e-05  1.64877894e+00  3.70000000e-05  6.88215182e-01  3.70000000e-05  1.55913468e-04  3.70000000e-05  1.64877890e+00  3.70000000e-05  6.88215195e-01  3.70000000e-05  1.56131088e-04  3.70000000e-05  1.64877907e+00  3.70000000e-05  6.88215132e-01  3.70000000e-05  1.55049327e-04  3.70000000e-05  1.01368986e+00  3.70000000e-05  1.03485594e+00  3.70000000e-05  4.72121136e-06  3.70000000e-05  9.83141334e-01  3.70000000e-05  1.03627080e+00  3.70000000e-05  2.32437729e-06 
 3.80000000e-05  1.69039451e+00  3.80000000e-05  9.94633172e-01  3.80000000e-05  7.94870191e-01  3.80000000e-05  3.79999978e-05  3.80000000e-05  1.50165547e-01  3.80000000e-05  1.01505336e+00  3.80000000e-05  4.89643685e-17  3.80000000e-05  1.64877953e+00  3.80000000e-05  6.88215181e-01  3.80000000e-05  1.55884969e-04  3.80000000e-05  1.64877949e+00  3.80000000e-05  6.88215195e-01  3.80000000e-05  1.56130709e-04  3.80000000e-05  1.64877966e+00  3.80000000e-05  6.88215132e-01  3.80000000e-05  1.55048962e-04  3.80000000e-05  1.01465357e+00  3.80000000e-05  1.03512693e+00  3.80000000e-05  4.78180892e-06  3.80000000e-05  9.82171289e-01  3.80000000e-05  1.03653762e+00  3.80000000e-05  2.26446389e-06 
 3.90000000e-05  1.69223309e+00  3.90000000e-05  9.97212792e-01  3.90000000e-05  7.94077897e-01  3.90000000e-05  3.89999977e-05  3.90000000e-05  1.50164162e-01  3.90000000e-05  1.01505335e+00  3.90000000e-05  4.89622746e-17  3.90000000e-05  1.64878012e+00  3.90000000e-05  6.88215179e-01  3.90000000e-05  1.55856543e-04  3.90000000e-05  1.64878008e+00  3.90000000e-05  6.88215195e-01  3.90000000e-05  1.56130331e-04  3.90000000e-05  1.64878025e+00  3.90000000e-05  6.88215132e-01  3.90000000e-05  1.55048598e-04  3.90000000e-05  1.01560649e+00  3.90000000e-05  1.03540024e+00  3.90000000e-05  4.84185105e-06  3.90000000e-05  9.81187305e-01  3.90000000e-05  1.03680681e+00  3.90000000e-05  2.20511196e-06 
 4.00000000e-05  1.69405322e+00  4.00000000e-05  9.99758731e-01  4.00000000e-05  7.93295002e-01  4.00000000e-05  3.99999976e-05  4.00000000e-05  1.50162780e-01  4.00000000e-05  1.01505335e+00  4.00000000e-05  4.89601855e-17  4.00000000e-05  1.64878070e+00  4.00000000e-05  6.88215177e-01  4.00000000e-05  1.55828192e-04  4.00000000e-05  1.64878066e+00  4.00000000e-05  6.88215195e-01  4.00000000e-05  1.56129953e-04  4.00000000e-05  1.64878083e+00  4.00000000e-05  6.88215132e-01  4.00000000e-05  1.55048234e-04  4.00000000e-05  1.01654862e+00  4.00000000e-05  1.03567586e+00  4.00000000e-05  4.90130547e-06  4.00000000e-05  9.80189430e-01  4.00000000e-05  1.03707838e+00  4.00000000e-05  2.14635375e-06 
 4.10000000e-05  1.69585394e+00  4.10000000e-05  1.00227246e+00  4.10000000e-05  7.92521085e-01  4.10000000e-05  4.09999975e-05  4.10000000e-05  1.50161400e-01  4.10000000e-05  1.01505334e+00  4.10000000e-05  4.89581011e-17  4.10000000e-05  1.64878128e+00  4.10000000e-05  6.88215176e-01  4.10000000e-05  1.55799915e-04  4.10000000e-05  1.64878123e+00  4.10000000e-05  6.88215195e-01  4.10000000e-05  1.56129576e-04  4.10000000e-05  1.64878140e+00  4.10000000e-05  6.88215132e-01  4.10000000e-05  1.55047870e-04  4.10000000e-05  1.01747992e+00  4.10000000e-05  1.03595378e+00  4.10000000e-05  4.96014074e-06  4.10000000e-05  9.79177717e-01  4.10000000e-05  1.03735230e+00  4.10000000e-05  2.08822065e-06 
 4.20000000e-05  1.69763432e+00  4.20000000e-05  1.00475536e+00  4.20000000e-05  7.91755754e-01  4.20000000e-05  4.19999974e-05  4.20000000e-05  1.50160025e-01  4.20000000e-05  1.01505334e+00  4.20000000e-05  4.89560218e-17  4.20000000e-05  1.64878185e+00  4.20000000e-05  6.88215174e-01  4.20000000e-05  1.55771713e-04  4.20000000e-05  1.64878179e+00  4.20000000e-05  6.88215195e-01  4.20000000e-05  1.56129199e-04  4.20000000e-05  1.64878196e+00  4.20000000e-05  6.88215132e-01  4.20000000e-05  1.55047507e-04  4.20000000e-05  1.01840041e+00  4.20000000e-05  1.03623398e+00  4.20000000e-05  5.01832636e-06  4.20000000e-05  9.78152230e-01  4.20000000e-05  1.03762857e+00  4.20000000e-05  2.03074314e-06 
 4.30000000e-05  1.69939347e+00  4.30000000e-05  1.00720870e+00  4.30000000e-05  7.90998644e-01  4.30000000e-05  4.29999973e-05  4.30000000e-05  1.50158652e-01  4.30000000e-05  1.01505333e+00  4.30000000e-05  4.89539468e-17  4.30000000e-05  1.64878241e+00  4.30000000e-05  6.88215172e-01  4.30000000e-05  1.55743587e-04  4.30000000e-05  1.64878235e+00  4.30000000e-05  6.88215195e-01  4.30000000e-05  1.56128823e-04  4.30000000e-05  1.64878252e+00  4.30000000e-05  6.88215132e-01  4.30000000e-05  1.55047144e-04  4.30000000e-05  1.01931008e+00  4.30000000e-05  1.03651644e+00  4.30000000e-05  5.07583281e-06  4.30000000e-05  9.77113037e-01  4.30000000e-05  1.03790716e+00  4.30000000e-05  1.97395069e-06 
 4.40000000e-05  1.70113052e+00  4.40000000e-05  1.00963369e+00  4.40000000e-05  7.90249413e-01  4.40000000e-05  4.39999973e-05  4.40000000e-05  1.50157282e-01  4.40000000e-05  1.01505333e+00  4.40000000e-05  4.89518766e-17  4.40000000e-05  1.64878297e+00  4.40000000e-05  6.88215171e-01  4.40000000e-05  1.55715537e-04  4.40000000e-05  1.64878290e+00  4.40000000e-05  6.88215195e-01  4.40000000e-05  1.56128447e-04  4.40000000e-05  1.64878307e+00  4.40000000e-05  6.88215132e-01  4.40000000e-05  1.55046782e-04  4.40000000e-05  1.02020893e+00  4.40000000e-05  1.03680114e+00  4.40000000e-05  5.13263159e-06  4.40000000e-05  9.76060214e-01  4.40000000e-05  1.03818805e+00  4.40000000e-05  1.91787174e-06 
 4.50000000e-05  1.70284463e+00  4.50000000e-05  1.01203146e+00  4.50000000e-05  7.89507739e-01  4.50000000e-05  4.49999972e-05  4.50000000e-05  1.50155915e-01  4.50000000e-05  1.01505333e+00  4.50000000e-05  4.89498109e-17  4.50000000e-05  1.64878352e+00  4.50000000e-05  6.88215169e-01  4.50000000e-05  1.55687563e-04  4.50000000e-05  1.64878345e+00  4.50000000e-05  6.88215195e-01  4.50000000e-05  1.56128071e-04  4.50000000e-05  1.64878362e+00  4.50000000e-05  6.88215132e-01  4.50000000e-05  1.55046420e-04  4.50000000e-05  1.02109698e+00  4.50000000e-05  1.03708806e+00  4.50000000e-05  5.18869532e-06  4.50000000e-05  9.74993844e-01  4.50000000e-05  1.03847124e+00  4.50000000e-05  1.86253364e-06 
 4.60000000e-05  1.70453502e+00  4.60000000e-05  1.01440304e+00  4.60000000e-05  7.88773323e-01  4.60000000e-05  4.59999972e-05  4.60000000e-05  1.50154551e-01  4.60000000e-05  1.01505332e+00  4.60000000e-05  4.89477499e-17  4.60000000e-05  1.64878406e+00  4.60000000e-05  6.88215167e-01  4.60000000e-05  1.55659667e-04  4.60000000e-05  1.64878398e+00  4.60000000e-05  6.88215195e-01  4.60000000e-05  1.56127695e-04  4.60000000e-05  1.64878415e+00  4.60000000e-05  6.88215132e-01  4.60000000e-05  1.55046058e-04  4.60000000e-05  1.02197424e+00  4.60000000e-05  1.03737718e+00  4.60000000e-05  5.24399777e-06  4.60000000e-05  9.73914019e-01  4.60000000e-05  1.03875669e+00  4.60000000e-05  1.80796257e-06 
 4.70000000e-05  1.70620091e+00  4.70000000e-05  1.01674945e+00  4.70000000e-05  7.88045882e-01  4.70000000e-05  4.69999971e-05  4.70000000e-05  1.50153190e-01  4.70000000e-05  1.01505332e+00  4.70000000e-05  4.89456935e-17  4.70000000e-05  1.64878459e+00  4.70000000e-05  6.88215166e-01  4.70000000e-05  1.55631847e-04  4.70000000e-05  1.64878451e+00  4.70000000e-05  6.88215195e-01  4.70000000e-05  1.56127320e-04  4.70000000e-05  1.64878468e+00  4.70000000e-05  6.88215132e-01  4.70000000e-05  1.55045696e-04  4.70000000e-05  1.02284074e+00  4.70000000e-05  1.03766847e+00  4.70000000e-05  5.29851389e-06  4.70000000e-05  9.72820835e-01  4.70000000e-05  1.03904439e+00  4.70000000e-05  1.75418349e-06 
 4.80000000e-05  1.70784161e+00  4.80000000e-05  1.01907160e+00  4.80000000e-05  7.87325149e-01  4.80000000e-05  4.79999971e-05  4.80000000e-05  1.50151832e-01  4.80000000e-05  1.01505331e+00  4.80000000e-05  4.89436417e-17  4.80000000e-05  1.64878511e+00  4.80000000e-05  6.88215164e-01  4.80000000e-05  1.55604106e-04  4.80000000e-05  1.64878503e+00  4.80000000e-05  6.88215195e-01  4.80000000e-05  1.56126945e-04  4.80000000e-05  1.64878520e+00  4.80000000e-05  6.88215132e-01  4.80000000e-05  1.55045335e-04  4.80000000e-05  1.02369649e+00  4.80000000e-05  1.03796191e+00  4.80000000e-05  5.35221992e-06  4.80000000e-05  9.71714398e-01  4.80000000e-05  1.03933431e+00  4.80000000e-05  1.70122012e-06 
 4.90000000e-05  1.70945641e+00  4.90000000e-05  1.02137038e+00  4.90000000e-05  7.86610875e-01  4.90000000e-05  4.89999971e-05  4.90000000e-05  1.50150477e-01  4.90000000e-05  1.01505331e+00  4.90000000e-05  4.89415942e-17  4.90000000e-05  1.64878563e+00  4.90000000e-05  6.88215163e-01  4.90000000e-05  1.55576443e-04  4.90000000e-05  1.64878554e+00  4.90000000e-05  6.88215195e-01  4.90000000e-05  1.56126570e-04  4.90000000e-05  1.64878571e+00  4.90000000e-05  6.88215132e-01  4.90000000e-05  1.55044973e-04  4.90000000e-05  1.02454155e+00  4.90000000e-05  1.03825748e+00  4.90000000e-05  5.40509340e-06  4.90000000e-05  9.70594821e-01  4.90000000e-05  1.03962643e+00  4.90000000e-05  1.64909485e-06 
 5.00000000e-05  1.71104469e+00  5.00000000e-05  1.02364661e+00  5.00000000e-05  7.85902824e-01  5.00000000e-05  4.99999970e-05  5.00000000e-05  1.50149124e-01  5.00000000e-05  1.01505330e+00  5.00000000e-05  4.89395509e-17  5.00000000e-05  1.64878614e+00  5.00000000e-05  6.88215161e-01  5.00000000e-05  1.55548859e-04  5.00000000e-05  1.64878605e+00  5.00000000e-05  6.88215195e-01  5.00000000e-05  1.56126196e-04  5.00000000e-05  1.64878622e+00  5.00000000e-05  6.88215132e-01  5.00000000e-05  1.55044612e-04  5.00000000e-05  1.02537594e+00  5.00000000e-05  1.03855514e+00  5.00000000e-05  5.45711319e-06  5.00000000e-05  9.69462226e-01  5.00000000e-05  1.03992071e+00  5.00000000e-05  1.59782876e-06 
