 0.00000000e+00  1.66528901e+00  0.00000000e+00  9.57094206e-01  0.00000000e+00  8.06292779e-01  0.00000000e+00  2.49999976e-05  0.00000000e+00  1.50183853e-01  0.00000000e+00  1.01505341e+00  0.00000000e+00  4.89920462e-17  0.00000000e+00  1.64877148e+00  0.00000000e+00  6.88215202e-01  0.00000000e+00  1.56261063e-04  0.00000000e+00  1.64877150e+00  0.00000000e+00  6.88215195e-01  0.00000000e+00  1.56135689e-04  0.00000000e+00  1.64877167e+00  0.00000000e+00  6.88215132e-01  0.00000000e+00  1.55053760e-04  0.00000000e+00  1.00129748e+00  0.00000000e+00  1.03178848e+00  0.00000000e+00  3.96333293e-06  0.00000000e+00  9.93685921e-01  0.00000000e+00  1.03325726e+00  0.00000000e+00  3.07452364e-06 
 1.00000000e-06  1.66534563e+00  1.00000000e-06  9.57093866e-01  1.00000000e-06  8.06292442e-01  1.00000000e-06  2.49999976e-05  1.00000000e-06  7.91878470e-01  1.00000000e-06  8.54377738e-01  1.00000000e-06  1.00156326e-06  1.00000000e-06  1.64877150e+00  1.00000000e-06  6.88215202e-01  1.00000000e-06  1.56260594e-04  1.00000000e-06  1.64877152e+00  1.00000000e-06  6.88215193e-01  1.00000000e-06  1.56104989e-04  1.00000000e-06  1.64877169e+00  1.00000000e-06  6.88215132e-01  1.00000000e-06  1.55053332e-04  1.00000000e-06  1.00155119e+00  1.00000000e-06  1.03200636e+00  1.00000000e-06  3.96543873e-06  1.00000000e-06  9.93888087e-01  1.00000000e-06  1.03347540e+00  1.00000000e-06  3.07296984e-06 
 2.00000000e-06  1.66540232e+00  2.00000000e-06  9.57093527e-01  2.00000000e-06  8.06292106e-01  2.00000000e-06  2.49999976e-05  2.00000000e-06  8.18124994e-01  2.00000000e-06  8.46959197e-01  2.00000000e-06  2.00268649e-06  2.00000000e-06  1.64877152e+00  2.00000000e-06  6.88215202e-01  2.00000000e-06  1.56260127e-04  2.00000000e-06  1.64877155e+00  2.00000000e-06  6.88215192e-01  2.00000000e-06  1.56074338e-04  2.00000000e-06  1.64877171e+00  2.00000000e-06  6.88215132e-01  2.00000000e-06  1.55052904e-04  2.00000000e-06  1.00180494e+00  2.00000000e-06  1.03222426e+00  2.00000000e-06  3.96754648e-06  2.00000000e-06  9.94090232e-01  2.00000000e-06  1.03369356e+00  2.00000000e-06  3.07141418e-06 
 3.00000000e-06  1.66545908e+00  3.00000000e-06  9.57093188e-01  3.00000000e-06  8.06291770e-01  3.00000000e-06  2.49999976e-05  3.00000000e-06  8.34804358e-01  3.00000000e-06  8.42202784e-01  3.00000000e-06  3.00039336e-06  3.00000000e-06  1.64877153e+00  3.00000000e-06  6.88215202e-01  3.00000000e-06  1.56259661e-04  3.00000000e-06  1.64877157e+00  3.00000000e-06  6.88215190e-01  3.00000000e-06  1.56043735e-04  3.00000000e-06  1.64877172e+00  3.00000000e-06  6.88215132e-01  3.00000000e-06  1.55052478e-04  3.00000000e-06  1.00205871e+00  3.00000000e-06  1.03244216e+00  3.00000000e-06  3.96965634e-06  3.00000000e-06  9.94292346e-01  3.00000000e-06  1.03391173e+00  3.00000000e-06  3.06985648e-06 
 4.00000000e-06  1.66551590e+00  4.00000000e-06  9.57092850e-01  4.00000000e-06  8.06291436e-01  4.00000000e-06  2.49999976e-05  4.00000000e-06  8.47613403e-01  4.00000000e-06  8.38527533e-01  4.00000000e-06  4.01162361e-06  4.00000000e-06  1.64877155e+00  4.00000000e-06  6.88215202e-01  4.00000000e-06  1.56259196e-04  4.00000000e-06  1.64877159e+00  4.00000000e-06  6.88215188e-01  4.00000000e-06  1.56013183e-04  4.00000000e-06  1.64877174e+00  4.00000000e-06  6.88215132e-01  4.00000000e-06  1.55052053e-04  4.00000000e-06  1.00231250e+00  4.00000000e-06  1.03266006e+00  4.00000000e-06  3.97176826e-06  4.00000000e-06  9.94494422e-01  4.00000000e-06  1.03412989e+00  4.00000000e-06  3.06829677e-06 
 5.00000000e-06  1.66557278e+00  5.00000000e-06  9.57092513e-01  5.00000000e-06  8.06291102e-01  5.00000000e-06  2.49999976e-05  5.00000000e-06  8.57934173e-01  5.00000000e-06  8.35551924e-01  5.00000000e-06  5.00520174e-06  5.00000000e-06  1.64877157e+00  5.00000000e-06  6.88215202e-01  5.00000000e-06  1.56258732e-04  5.00000000e-06  1.64877161e+00  5.00000000e-06  6.88215186e-01  5.00000000e-06  1.55982682e-04  5.00000000e-06  1.64877176e+00  5.00000000e-06  6.88215132e-01  5.00000000e-06  1.55051629e-04  5.00000000e-06  1.00256629e+00  5.00000000e-06  1.03287796e+00  5.00000000e-06  3.97388217e-06  5.00000000e-06  9.94696454e-01  5.00000000e-06  1.03434805e+00  5.00000000e-06  3.06673510e-06 
 6.00000000e-06  1.66562972e+00  6.00000000e-06  9.57092177e-01  6.00000000e-06  8.06290769e-01  6.00000000e-06  2.49999976e-05  6.00000000e-06  8.66824586e-01  6.00000000e-06  8.32978329e-01  6.00000000e-06  6.00181963e-06  6.00000000e-06  1.64877159e+00  6.00000000e-06  6.88215202e-01  6.00000000e-06  1.56258269e-04  6.00000000e-06  1.64877164e+00  6.00000000e-06  6.88215185e-01  6.00000000e-06  1.55952232e-04  6.00000000e-06  1.64877178e+00  6.00000000e-06  6.88215132e-01  6.00000000e-06  1.55051206e-04  6.00000000e-06  1.00282009e+00  6.00000000e-06  1.03309585e+00  6.00000000e-06  3.97599803e-06  6.00000000e-06  9.94898434e-01  6.00000000e-06  1.03456619e+00  6.00000000e-06  3.06517150e-06 
 7.00000000e-06  1.66568672e+00  7.00000000e-06  9.57091842e-01  7.00000000e-06  8.06290437e-01  7.00000000e-06  2.49999976e-05  7.00000000e-06  8.74699204e-01  7.00000000e-06  8.30690696e-01  7.00000000e-06  7.00095899e-06  7.00000000e-06  1.64877161e+00  7.00000000e-06  6.88215202e-01  7.00000000e-06  1.56257808e-04  7.00000000e-06  1.64877166e+00  7.00000000e-06  6.88215183e-01  7.00000000e-06  1.55921834e-04  7.00000000e-06  1.64877180e+00  7.00000000e-06  6.88215132e-01  7.00000000e-06  1.55050785e-04  7.00000000e-06  1.00307387e+00  7.00000000e-06  1.03331371e+00  7.00000000e-06  3.97811577e-06  7.00000000e-06  9.95100356e-01  7.00000000e-06  1.03478432e+00  7.00000000e-06  3.06360601e-06 
 8.00000000e-06  1.66574377e+00  8.00000000e-06  9.57091507e-01  8.00000000e-06  8.06290106e-01  8.00000000e-06  2.49999976e-05  8.00000000e-06  8.81800523e-01  8.00000000e-06  8.28621149e-01  8.00000000e-06  8.00057416e-06  8.00000000e-06  1.64877163e+00  8.00000000e-06  6.88215202e-01  8.00000000e-06  1.56257348e-04  8.00000000e-06  1.64877168e+00  8.00000000e-06  6.88215181e-01  8.00000000e-06  1.55891489e-04  8.00000000e-06  1.64877182e+00  8.00000000e-06  6.88215132e-01  8.00000000e-06  1.55050364e-04  8.00000000e-06  1.00332764e+00  8.00000000e-06  1.03353154e+00  8.00000000e-06  3.98023534e-06  8.00000000e-06  9.95302214e-01  8.00000000e-06  1.03500241e+00  8.00000000e-06  3.06203868e-06 
 9.00000000e-06  1.66580088e+00  9.00000000e-06  9.57091174e-01  9.00000000e-06  8.06289775e-01  9.00000000e-06  2.49999976e-05  9.00000000e-06  8.88298347e-01  9.00000000e-06  8.26721987e-01  9.00000000e-06  9.00035780e-06  9.00000000e-06  1.64877164e+00  9.00000000e-06  6.88215202e-01  9.00000000e-06  1.56256889e-04  9.00000000e-06  1.64877171e+00  9.00000000e-06  6.88215179e-01  9.00000000e-06  1.55861198e-04  9.00000000e-06  1.64877183e+00  9.00000000e-06  6.88215132e-01  9.00000000e-06  1.55049945e-04  9.00000000e-06  1.00358138e+00  9.00000000e-06  1.03374935e+00  9.00000000e-06  3.98235668e-06  9.00000000e-06  9.95504000e-01  9.00000000e-06  1.03522047e+00  9.00000000e-06  3.06046953e-06 
 1.00000000e-05  1.66585804e+00  1.00000000e-05  9.57090841e-01  1.00000000e-05  8.06289445e-01  1.00000000e-05  2.49999976e-05  1.00000000e-05  8.94311613e-01  1.00000000e-05  8.24959742e-01  1.00000000e-05  1.00002342e-05  1.00000000e-05  1.64877166e+00  1.00000000e-05  6.88215202e-01  1.00000000e-05  1.56256431e-04  1.00000000e-05  1.64877173e+00  1.00000000e-05  6.88215177e-01  1.00000000e-05  1.55830961e-04  1.00000000e-05  1.64877185e+00  1.00000000e-05  6.88215132e-01  1.00000000e-05  1.55049527e-04  1.00000000e-05  1.00383509e+00  1.00000000e-05  1.03396711e+00  1.00000000e-05  3.98447975e-06  1.00000000e-05  9.95705708e-01  1.00000000e-05  1.03543849e+00  1.00000000e-05  3.05889859e-06 
 1.10000000e-05  1.66591526e+00  1.10000000e-05  9.57090509e-01  1.10000000e-05  8.06289116e-01  1.10000000e-05  2.49999976e-05  1.10000000e-05  8.99926449e-01  1.10000000e-05  8.23310146e-01  1.10000000e-05  1.10001596e-05  1.10000000e-05  1.64877168e+00  1.10000000e-05  6.88215202e-01  1.10000000e-05  1.56255974e-04  1.10000000e-05  1.64877175e+00  1.10000000e-05  6.88215176e-01  1.10000000e-05  1.55800779e-04  1.10000000e-05  1.64877187e+00  1.10000000e-05  6.88215132e-01  1.10000000e-05  1.55049109e-04  1.10000000e-05  1.00408876e+00  1.10000000e-05  1.03418482e+00  1.10000000e-05  3.98660449e-06  1.10000000e-05  9.95907333e-01  1.10000000e-05  1.03565646e+00  1.10000000e-05  3.05732593e-06 
 1.20000000e-05  1.66597252e+00  1.20000000e-05  9.57090177e-01  1.20000000e-05  8.06288788e-01  1.20000000e-05  2.49999976e-05  1.20000000e-05  9.05207346e-01  1.20000000e-05  8.21755010e-01  1.20000000e-05  1.20001123e-05  1.20000000e-05  1.64877170e+00  1.20000000e-05  6.88215202e-01  1.20000000e-05  1.56255518e-04  1.20000000e-05  1.64877178e+00  1.20000000e-05  6.88215174e-01  1.20000000e-05  1.55770653e-04  1.20000000e-05  1.64877189e+00  1.20000000e-05  6.88215132e-01  1.20000000e-05  1.55048693e-04  1.20000000e-05  1.00434239e+00  1.20000000e-05  1.03440247e+00  1.20000000e-05  3.98873084e-06  1.20000000e-05  9.96108867e-01  1.20000000e-05  1.03587438e+00  1.20000000e-05  3.05575156e-06 
 1.30000000e-05  1.66602984e+00  1.30000000e-05  9.57089846e-01  1.30000000e-05  8.06288460e-01  1.30000000e-05  2.49999976e-05  1.30000000e-05  9.10203904e-01  1.30000000e-05  8.20280331e-01  1.30000000e-05  1.30000811e-05  1.30000000e-05  1.64877172e+00  1.30000000e-05  6.88215202e-01  1.30000000e-05  1.56255064e-04  1.30000000e-05  1.64877180e+00  1.30000000e-05  6.88215172e-01  1.30000000e-05  1.55740582e-04  1.30000000e-05  1.64877191e+00  1.30000000e-05  6.88215132e-01  1.30000000e-05  1.55048278e-04  1.30000000e-05  1.00459595e+00  1.30000000e-05  1.03462007e+00  1.30000000e-05  3.99085877e-06  1.30000000e-05  9.96310304e-01  1.30000000e-05  1.03609223e+00  1.30000000e-05  3.05417551e-06 
 1.40000000e-05  1.66608720e+00  1.40000000e-05  9.57089516e-01  1.40000000e-05  8.06288134e-01  1.40000000e-05  2.49999976e-05  1.40000000e-05  9.14955126e-01  1.40000000e-05  8.18875086e-01  1.40000000e-05  1.40000598e-05  1.40000000e-05  1.64877174e+00  1.40000000e-05  6.88215202e-01  1.40000000e-05  1.56254610e-04  1.40000000e-05  1.64877182e+00  1.40000000e-05  6.88215170e-01  1.40000000e-05  1.55710569e-04  1.40000000e-05  1.64877193e+00  1.40000000e-05  6.88215132e-01  1.40000000e-05  1.55047864e-04  1.40000000e-05  1.00484946e+00  1.40000000e-05  1.03483760e+00  1.40000000e-05  3.99298819e-06  1.40000000e-05  9.96511639e-01  1.40000000e-05  1.03631002e+00  1.40000000e-05  3.05259785e-06 
 1.50000000e-05  1.66614461e+00  1.50000000e-05  9.57089187e-01  1.50000000e-05  8.06287807e-01  1.50000000e-05  2.49999976e-05  1.50000000e-05  9.19492268e-01  1.50000000e-05  8.17530436e-01  1.50000000e-05  1.50000448e-05  1.50000000e-05  1.64877175e+00  1.50000000e-05  6.88215202e-01  1.50000000e-05  1.56254158e-04  1.50000000e-05  1.64877184e+00  1.50000000e-05  6.88215169e-01  1.50000000e-05  1.55680613e-04  1.50000000e-05  1.64877194e+00  1.50000000e-05  6.88215132e-01  1.50000000e-05  1.55047451e-04  1.50000000e-05  1.00510289e+00  1.50000000e-05  1.03505505e+00  1.50000000e-05  3.99511907e-06  1.50000000e-05  9.96712864e-01  1.50000000e-05  1.03652773e+00  1.50000000e-05  3.05101858e-06 
 1.60000000e-05  1.66620207e+00  1.60000000e-05  9.57088859e-01  1.60000000e-05  8.06287482e-01  1.60000000e-05  2.49999976e-05  1.60000000e-05  9.23840785e-01  1.60000000e-05  8.16239179e-01  1.60000000e-05  1.60000340e-05  1.60000000e-05  1.64877177e+00  1.60000000e-05  6.88215202e-01  1.60000000e-05  1.56253707e-04  1.60000000e-05  1.64877187e+00  1.60000000e-05  6.88215167e-01  1.60000000e-05  1.55650715e-04  1.60000000e-05  1.64877196e+00  1.60000000e-05  6.88215132e-01  1.60000000e-05  1.55047040e-04  1.60000000e-05  1.00535625e+00  1.60000000e-05  1.03527242e+00  1.60000000e-05  3.99725136e-06  1.60000000e-05  9.96913973e-01  1.60000000e-05  1.03674536e+00  1.60000000e-05  3.04943776e-06 
 1.70000000e-05  1.66625957e+00  1.70000000e-05  9.57088531e-01  1.70000000e-05  8.06287158e-01  1.70000000e-05  2.49999976e-05  1.70000000e-05  9.28021701e-01  1.70000000e-05  8.14995360e-01  1.70000000e-05  1.70000261e-05  1.70000000e-05  1.64877179e+00  1.70000000e-05  6.88215202e-01  1.70000000e-05  1.56253257e-04  1.70000000e-05  1.64877189e+00  1.70000000e-05  6.88215165e-01  1.70000000e-05  1.55620876e-04  1.70000000e-05  1.64877198e+00  1.70000000e-05  6.88215132e-01  1.70000000e-05  1.55046629e-04  1.70000000e-05  1.00560952e+00  1.70000000e-05  1.03548971e+00  1.70000000e-05  3.99938500e-06  1.70000000e-05  9.97114960e-01  1.70000000e-05  1.03696291e+00  1.70000000e-05  3.04785541e-06 
 1.80000000e-05  1.66631711e+00  1.80000000e-05  9.57088204e-01  1.80000000e-05  8.06286834e-01  1.80000000e-05  2.49999976e-05  1.80000000e-05  9.32052592e-01  1.80000000e-05  8.13793999e-01  1.80000000e-05  1.80000201e-05  1.80000000e-05  1.64877181e+00  1.80000000e-05  6.88215202e-01  1.80000000e-05  1.56252808e-04  1.80000000e-05  1.64877191e+00  1.80000000e-05  6.88215163e-01  1.80000000e-05  1.55591096e-04  1.80000000e-05  1.64877200e+00  1.80000000e-05  6.88215132e-01  1.80000000e-05  1.55046219e-04  1.80000000e-05  1.00586270e+00  1.80000000e-05  1.03570690e+00  1.80000000e-05  4.00151994e-06  1.80000000e-05  9.97315819e-01  1.80000000e-05  1.03718036e+00  1.80000000e-05  3.04627158e-06 
 1.90000000e-05  1.66637469e+00  1.90000000e-05  9.57087878e-01  1.90000000e-05  8.06286511e-01  1.90000000e-05  2.49999976e-05  1.90000000e-05  9.35948311e-01  1.90000000e-05  8.12630886e-01  1.90000000e-05  1.90000156e-05  1.90000000e-05  1.64877183e+00  1.90000000e-05  6.88215202e-01  1.90000000e-05  1.56252360e-04  1.90000000e-05  1.64877194e+00  1.90000000e-05  6.88215162e-01  1.90000000e-05  1.55561375e-04  1.90000000e-05  1.64877202e+00  1.90000000e-05  6.88215132e-01  1.90000000e-05  1.55045810e-04  1.90000000e-05  1.00611578e+00  1.90000000e-05  1.03592399e+00  1.90000000e-05  4.00365613e-06  1.90000000e-05  9.97516544e-01  1.90000000e-05  1.03739771e+00  1.90000000e-05  3.04468629e-06 
 2.00000000e-05  1.66643231e+00  2.00000000e-05  9.57087552e-01  2.00000000e-05  8.06286188e-01  2.00000000e-05  2.49999976e-05  2.00000000e-05  9.39721530e-01  2.00000000e-05  8.11502425e-01  2.00000000e-05  2.00000121e-05  2.00000000e-05  1.64877185e+00  2.00000000e-05  6.88215202e-01  2.00000000e-05  1.56251913e-04  2.00000000e-05  1.64877196e+00  2.00000000e-05  6.88215160e-01  2.00000000e-05  1.55531716e-04  2.00000000e-05  1.64877204e+00  2.00000000e-05  6.88215132e-01  2.00000000e-05  1.55045402e-04  2.00000000e-05  1.00636875e+00  2.00000000e-05  1.03614098e+00  2.00000000e-05  4.00579351e-06  2.00000000e-05  9.97717129e-01  2.00000000e-05  1.03761495e+00  2.00000000e-05  3.04309959e-06 
 2.10000000e-05  1.66648998e+00  2.10000000e-05  9.57087228e-01  2.10000000e-05  8.06285866e-01  2.10000000e-05  2.49999976e-05  2.10000000e-05  9.43383154e-01  2.10000000e-05  8.10405523e-01  2.10000000e-05  2.10000094e-05  2.10000000e-05  1.64877186e+00  2.10000000e-05  6.88215202e-01  2.10000000e-05  1.56251467e-04  2.10000000e-05  1.64877198e+00  2.10000000e-05  6.88215158e-01  2.10000000e-05  1.55502117e-04  2.10000000e-05  1.64877205e+00  2.10000000e-05  6.88215132e-01  2.10000000e-05  1.55044995e-04  2.10000000e-05  1.00662160e+00  2.10000000e-05  1.03635785e+00  2.10000000e-05  4.00793205e-06  2.10000000e-05  9.97917566e-01  2.10000000e-05  1.03783208e+00  2.10000000e-05  3.04151150e-06 
 2.20000000e-05  1.66654767e+00  2.20000000e-05  9.57086903e-01  2.20000000e-05  8.06285545e-01  2.20000000e-05  2.49999976e-05  2.20000000e-05  9.46942638e-01  2.20000000e-05  8.09337494e-01  2.20000000e-05  2.20000072e-05  2.20000000e-05  1.64877188e+00  2.20000000e-05  6.88215202e-01  2.20000000e-05  1.56251022e-04  2.20000000e-05  1.64877201e+00  2.20000000e-05  6.88215157e-01  2.20000000e-05  1.55472580e-04  2.20000000e-05  1.64877207e+00  2.20000000e-05  6.88215132e-01  2.20000000e-05  1.55044590e-04  2.20000000e-05  1.00687434e+00  2.20000000e-05  1.03657460e+00  2.20000000e-05  4.01007167e-06  2.20000000e-05  9.98117852e-01  2.20000000e-05  1.03804908e+00  2.20000000e-05  3.03992207e-06 
 2.30000000e-05  1.66660541e+00  2.30000000e-05  9.57086580e-01  2.30000000e-05  8.06285225e-01  2.30000000e-05  2.49999976e-05  2.30000000e-05  9.50408238e-01  2.30000000e-05  8.08295995e-01  2.30000000e-05  2.30000055e-05  2.30000000e-05  1.64877190e+00  2.30000000e-05  6.88215202e-01  2.30000000e-05  1.56250578e-04  2.30000000e-05  1.64877203e+00  2.30000000e-05  6.88215155e-01  2.30000000e-05  1.55443105e-04  2.30000000e-05  1.64877209e+00  2.30000000e-05  6.88215132e-01  2.30000000e-05  1.55044185e-04  2.30000000e-05  1.00712694e+00  2.30000000e-05  1.03679122e+00  2.30000000e-05  4.01221233e-06  2.30000000e-05  9.98317978e-01  2.30000000e-05  1.03826597e+00  2.30000000e-05  3.03833134e-06 
 2.40000000e-05  1.66666318e+00  2.40000000e-05  9.57086257e-01  2.40000000e-05  8.06284905e-01  2.40000000e-05  2.49999976e-05  2.40000000e-05  9.53787206e-01  2.40000000e-05  8.07278965e-01  2.40000000e-05  2.40000041e-05  2.40000000e-05  1.64877192e+00  2.40000000e-05  6.88215202e-01  2.40000000e-05  1.56250135e-04  2.40000000e-05  1.64877205e+00  2.40000000e-05  6.88215153e-01  2.40000000e-05  1.55413693e-04  2.40000000e-05  1.64877211e+00  2.40000000e-05  6.88215132e-01  2.40000000e-05  1.55043781e-04  2.40000000e-05  1.00737941e+00  2.40000000e-05  1.03700772e+00  2.40000000e-05  4.01435399e-06  2.40000000e-05  9.98517939e-01  2.40000000e-05  1.03848272e+00  2.40000000e-05  3.03673932e-06 
 2.50000000e-05  1.66672098e+00  2.50000000e-05  9.57085935e-01  2.50000000e-05  8.06284586e-01  2.50000000e-05  2.49999976e-05  2.50000000e-05  9.57085953e-01  2.50000000e-05  8.06284581e-01  2.50000000e-05  2.50000030e-05  2.50000000e-05  1.64877194e+00  2.50000000e-05  6.88215202e-01  2.50000000e-05  1.56249694e-04  2.50000000e-05  1.64877207e+00  2.50000000e-05  6.88215151e-01  2.50000000e-05  1.55384344e-04  2.50000000e-05  1.64877213e+00  2.50000000e-05  6.88215132e-01  2.50000000e-05  1.55043378e-04  2.50000000e-05  1.00763173e+00  2.50000000e-05  1.03722407e+00  2.50000000e-05  4.01649658e-06  2.50000000e-05  9.98717730e-01  2.50000000e-05  1.03869933e+00  2.50000000e-05  3.03514608e-06 
 2.60000000e-05  1.66677881e+00  2.60000000e-05  9.57085614e-01  2.60000000e-05  8.06284268e-01  2.60000000e-05  2.49999976e-05  2.60000000e-05  9.60310171e-01  2.60000000e-05  8.05311225e-01  2.60000000e-05  2.60000020e-05  2.60000000e-05  1.64877196e+00  2.60000000e-05  6.88215202e-01  2.60000000e-05  1.56249253e-04  2.60000000e-05  1.64877210e+00  2.60000000e-05  6.88215150e-01  2.60000000e-05  1.55355059e-04  2.60000000e-05  1.64877215e+00  2.60000000e-05  6.88215132e-01  2.60000000e-05  1.55042976e-04  2.60000000e-05  1.00788391e+00  2.60000000e-05  1.03744028e+00  2.60000000e-05  4.01864005e-06  2.60000000e-05  9.98917343e-01  2.60000000e-05  1.03891579e+00  2.60000000e-05  3.03355162e-06 
 2.70000000e-05  1.66683668e+00  2.70000000e-05  9.57085293e-01  2.70000000e-05  8.06283950e-01  2.70000000e-05  2.49999976e-05  2.70000000e-05  9.63464943e-01  2.70000000e-05  8.04357452e-01  2.70000000e-05  2.70000013e-05  2.70000000e-05  1.64877198e+00  2.70000000e-05  6.88215202e-01  2.70000000e-05  1.56248813e-04  2.70000000e-05  1.64877212e+00  2.70000000e-05  6.88215148e-01  2.70000000e-05  1.55325838e-04  2.70000000e-05  1.64877217e+00  2.70000000e-05  6.88215132e-01  2.70000000e-05  1.55042575e-04  2.70000000e-05  1.00813592e+00  2.70000000e-05  1.03765634e+00  2.70000000e-05  4.02078437e-06  2.70000000e-05  9.99116773e-01  2.70000000e-05  1.03913210e+00  2.70000000e-05  3.03195600e-06 
 2.80000000e-05  1.66689457e+00  2.80000000e-05  9.57084973e-01  2.80000000e-05  8.06283633e-01  2.80000000e-05  2.49999976e-05  2.80000000e-05  9.66554826e-01  2.80000000e-05  8.03421966e-01  2.80000000e-05  2.80000006e-05  2.80000000e-05  1.64877199e+00  2.80000000e-05  6.88215202e-01  2.80000000e-05  1.56248374e-04  2.80000000e-05  1.64877214e+00  2.80000000e-05  6.88215146e-01  2.80000000e-05  1.55296683e-04  2.80000000e-05  1.64877218e+00  2.80000000e-05  6.88215132e-01  2.80000000e-05  1.55042174e-04  2.80000000e-05  1.00838777e+00  2.80000000e-05  1.03787223e+00  2.80000000e-05  4.02292946e-06  2.80000000e-05  9.99316013e-01  2.80000000e-05  1.03934826e+00  2.80000000e-05  3.03035926e-06 
 2.90000000e-05  1.66695249e+00  2.90000000e-05  9.57084654e-01  2.90000000e-05  8.06283317e-01  2.90000000e-05  2.49999976e-05  2.90000000e-05  9.69583920e-01  2.90000000e-05  8.02503599e-01  2.90000000e-05  2.90000001e-05  2.90000000e-05  1.64877201e+00  2.90000000e-05  6.88215202e-01  2.90000000e-05  1.56247936e-04  2.90000000e-05  1.64877217e+00  2.90000000e-05  6.88215145e-01  2.90000000e-05  1.55267592e-04  2.90000000e-05  1.64877220e+00  2.90000000e-05  6.88215132e-01  2.90000000e-05  1.55041775e-04  2.90000000e-05  1.00863944e+00  2.90000000e-05  1.03808797e+00  2.90000000e-05  4.02507527e-06  2.90000000e-05  9.99515058e-01  2.90000000e-05  1.03956425e+00  2.90000000e-05  3.02876142e-06 
 3.00000000e-05  1.66701044e+00  3.00000000e-05  9.57084335e-01  3.00000000e-05  8.06283001e-01  3.00000000e-05  2.49999976e-05  3.00000000e-05  9.72555934e-01  3.00000000e-05  8.01601296e-01  3.00000000e-05  2.99999997e-05  3.00000000e-05  1.64877203e+00  3.00000000e-05  6.88215202e-01  3.00000000e-05  1.56247499e-04  3.00000000e-05  1.64877219e+00  3.00000000e-05  6.88215143e-01  3.00000000e-05  1.55238569e-04  3.00000000e-05  1.64877222e+00  3.00000000e-05  6.88215131e-01  3.00000000e-05  1.55041377e-04  3.00000000e-05  1.00889093e+00  3.00000000e-05  1.03830353e+00  3.00000000e-05  4.02722176e-06  3.00000000e-05  9.99713901e-01  3.00000000e-05  1.03978006e+00  3.00000000e-05  3.02716252e-06 
 3.10000000e-05  1.66706841e+00  3.10000000e-05  9.57084017e-01  3.10000000e-05  8.06282686e-01  3.10000000e-05  2.49999976e-05  3.10000000e-05  9.75474229e-01  3.10000000e-05  8.00714100e-01  3.10000000e-05  3.09999993e-05  3.10000000e-05  1.64877205e+00  3.10000000e-05  6.88215202e-01  3.10000000e-05  1.56247063e-04  3.10000000e-05  1.64877221e+00  3.10000000e-05  6.88215141e-01  3.10000000e-05  1.55209611e-04  3.10000000e-05  1.64877224e+00  3.10000000e-05  6.88215131e-01  3.10000000e-05  1.55040979e-04  3.10000000e-05  1.00914224e+00  3.10000000e-05  1.03851892e+00  3.10000000e-05  4.02936888e-06  3.10000000e-05  9.99912537e-01  3.10000000e-05  1.03999570e+00  3.10000000e-05  3.02556260e-06 
 3.20000000e-05  1.66712641e+00  3.20000000e-05  9.57083700e-01  3.20000000e-05  8.06282372e-01  3.20000000e-05  2.49999976e-05  3.20000000e-05  9.78341864e-01  3.20000000e-05  7.99841140e-01  3.20000000e-05  3.19999990e-05  3.20000000e-05  1.64877207e+00  3.20000000e-05  6.88215202e-01  3.20000000e-05  1.56246628e-04  3.20000000e-05  1.64877224e+00  3.20000000e-05  6.88215140e-01  3.20000000e-05  1.55180721e-04  3.20000000e-05  1.64877226e+00  3.20000000e-05  6.88215131e-01  3.20000000e-05  1.55040583e-04  3.20000000e-05  1.00939335e+00  3.20000000e-05  1.03873412e+00  3.20000000e-05  4.03151656e-06  3.20000000e-05  1.00011096e+00  3.20000000e-05  1.04021116e+00  3.20000000e-05  3.02396170e-06 
 3.30000000e-05  1.66718443e+00  3.30000000e-05  9.57083383e-01  3.30000000e-05  8.06282058e-01  3.30000000e-05  2.49999976e-05  3.30000000e-05  9.81161632e-01  3.30000000e-05  7.98981622e-01  3.30000000e-05  3.29999987e-05  3.30000000e-05  1.64877209e+00  3.30000000e-05  6.88215202e-01  3.30000000e-05  1.56246194e-04  3.30000000e-05  1.64877226e+00  3.30000000e-05  6.88215138e-01  3.30000000e-05  1.55151899e-04  3.30000000e-05  1.64877228e+00  3.30000000e-05  6.88215131e-01  3.30000000e-05  1.55040187e-04  3.30000000e-05  1.00964426e+00  3.30000000e-05  1.03894913e+00  3.30000000e-05  4.03366475e-06  3.30000000e-05  1.00030916e+00  3.30000000e-05  1.04042643e+00  3.30000000e-05  3.02235985e-06 
 3.40000000e-05  1.66724246e+00  3.40000000e-05  9.57083067e-01  3.40000000e-05  8.06281745e-01  3.40000000e-05  2.49999976e-05  3.40000000e-05  9.83936088e-01  3.40000000e-05  7.98134815e-01  3.40000000e-05  3.39999984e-05  3.40000000e-05  1.64877211e+00  3.40000000e-05  6.88215202e-01  3.40000000e-05  1.56245761e-04  3.40000000e-05  1.64877228e+00  3.40000000e-05  6.88215136e-01  3.40000000e-05  1.55123145e-04  3.40000000e-05  1.64877230e+00  3.40000000e-05  6.88215131e-01  3.40000000e-05  1.55039792e-04  3.40000000e-05  1.00989495e+00  3.40000000e-05  1.03916395e+00  3.40000000e-05  4.03581341e-06  3.40000000e-05  1.00050713e+00  3.40000000e-05  1.04064149e+00  3.40000000e-05  3.02075709e-06 
 3.50000000e-05  1.66730052e+00  3.50000000e-05  9.57082751e-01  3.50000000e-05  8.06281433e-01  3.50000000e-05  2.49999976e-05  3.50000000e-05  9.86667579e-01  3.50000000e-05  7.97300054e-01  3.50000000e-05  3.49999982e-05  3.50000000e-05  1.64877212e+00  3.50000000e-05  6.88215202e-01  3.50000000e-05  1.56245328e-04  3.50000000e-05  1.64877231e+00  3.50000000e-05  6.88215135e-01  3.50000000e-05  1.55094460e-04  3.50000000e-05  1.64877231e+00  3.50000000e-05  6.88215131e-01  3.50000000e-05  1.55039398e-04  3.50000000e-05  1.01014543e+00  3.50000000e-05  1.03937856e+00  3.50000000e-05  4.03796248e-06  3.50000000e-05  1.00070488e+00  3.50000000e-05  1.04085636e+00  3.50000000e-05  3.01915346e-06 
 3.60000000e-05  1.66735860e+00  3.60000000e-05  9.57082436e-01  3.60000000e-05  8.06281121e-01  3.60000000e-05  2.49999976e-05  3.60000000e-05  9.89358263e-01  3.60000000e-05  7.96476721e-01  3.60000000e-05  3.59999981e-05  3.60000000e-05  1.64877214e+00  3.60000000e-05  6.88215202e-01  3.60000000e-05  1.56244897e-04  3.60000000e-05  1.64877233e+00  3.60000000e-05  6.88215133e-01  3.60000000e-05  1.55065845e-04  3.60000000e-05  1.64877233e+00  3.60000000e-05  6.88215131e-01  3.60000000e-05  1.55039005e-04  3.60000000e-05  1.01039569e+00  3.60000000e-05  1.03959296e+00  3.60000000e-05  4.04011191e-06  3.60000000e-05  1.00090238e+00  3.60000000e-05  1.04107101e+00  3.60000000e-05  3.01754899e-06 
 3.70000000e-05  1.66741669e+00  3.70000000e-05  9.57082122e-01  3.70000000e-05  8.06280809e-01  3.70000000e-05  2.49999976e-05  3.70000000e-05  9.92010133e-01  3.70000000e-05  7.95664250e-01  3.70000000e-05  3.69999979e-05  3.70000000e-05  1.64877216e+00  3.70000000e-05  6.88215202e-01  3.70000000e-05  1.56244466e-04  3.70000000e-05  1.64877235e+00  3.70000000e-05  6.88215131e-01  3.70000000e-05  1.55037299e-04  3.70000000e-05  1.64877235e+00  3.70000000e-05  6.88215131e-01  3.70000000e-05  1.55038613e-04  3.70000000e-05  1.01064571e+00  3.70000000e-05  1.03980715e+00  3.70000000e-05  4.04226163e-06  3.70000000e-05  1.00109964e+00  3.70000000e-05  1.04128545e+00  3.70000000e-05  3.01594373e-06 
 3.80000000e-05  1.66747480e+00  3.80000000e-05  9.57081809e-01  3.80000000e-05  8.06280499e-01  3.80000000e-05  2.49999976e-05  3.80000000e-05  9.94625030e-01  3.80000000e-05  7.94862115e-01  3.80000000e-05  3.79999978e-05  3.80000000e-05  1.64877218e+00  3.80000000e-05  6.88215202e-01  3.80000000e-05  1.56244037e-04  3.80000000e-05  1.64877237e+00  3.80000000e-05  6.88215130e-01  3.80000000e-05  1.55008824e-04  3.80000000e-05  1.64877237e+00  3.80000000e-05  6.88215131e-01  3.80000000e-05  1.55038221e-04  3.80000000e-05  1.01089549e+00  3.80000000e-05  1.04002111e+00  3.80000000e-05  4.04441159e-06  3.80000000e-05  1.00129665e+00  3.80000000e-05  1.04149967e+00  3.80000000e-05  3.01433772e-06 
 3.90000000e-05  1.66753292e+00  3.90000000e-05  9.57081496e-01  3.90000000e-05  8.06280189e-01  3.90000000e-05  2.49999976e-05  3.90000000e-05  9.97204661e-01  3.90000000e-05  7.94069830e-01  3.90000000e-05  3.89999977e-05  3.90000000e-05  1.64877220e+00  3.90000000e-05  6.88215201e-01  3.90000000e-05  1.56243608e-04  3.90000000e-05  1.64877240e+00  3.90000000e-05  6.88215128e-01  3.90000000e-05  1.54980420e-04  3.90000000e-05  1.64877239e+00  3.90000000e-05  6.88215131e-01  3.90000000e-05  1.55037830e-04  3.90000000e-05  1.01114502e+00  3.90000000e-05  1.04023485e+00  3.90000000e-05  4.04656174e-06  3.90000000e-05  1.00149340e+00  3.90000000e-05  1.04171365e+00  3.90000000e-05  3.01273098e-06 
 4.00000000e-05  1.66759105e+00  4.00000000e-05  9.57081183e-01  4.00000000e-05  8.06279879e-01  4.00000000e-05  2.49999976e-05  4.00000000e-05  9.99750609e-01  4.00000000e-05  7.93286944e-01  4.00000000e-05  3.99999976e-05  4.00000000e-05  1.64877222e+00  4.00000000e-05  6.88215201e-01  4.00000000e-05  1.56243180e-04  4.00000000e-05  1.64877242e+00  4.00000000e-05  6.88215126e-01  4.00000000e-05  1.54952088e-04  4.00000000e-05  1.64877241e+00  4.00000000e-05  6.88215131e-01  4.00000000e-05  1.55037441e-04  4.00000000e-05  1.01139430e+00  4.00000000e-05  1.04044834e+00  4.00000000e-05  4.04871202e-06  4.00000000e-05  1.00168989e+00  4.00000000e-05  1.04192740e+00  4.00000000e-05  3.01112356e-06 
 4.10000000e-05  1.66764919e+00  4.10000000e-05  9.57080871e-01  4.10000000e-05  8.06279571e-01  4.10000000e-05  2.49999976e-05  4.10000000e-05  1.00226435e+00  4.10000000e-05  7.92513036e-01  4.10000000e-05  4.09999975e-05  4.10000000e-05  1.64877224e+00  4.10000000e-05  6.88215201e-01  4.10000000e-05  1.56242753e-04  4.10000000e-05  1.64877244e+00  4.10000000e-05  6.88215125e-01  4.10000000e-05  1.54923828e-04  4.10000000e-05  1.64877243e+00  4.10000000e-05  6.88215131e-01  4.10000000e-05  1.55037052e-04  4.10000000e-05  1.01164331e+00  4.10000000e-05  1.04066160e+00  4.10000000e-05  4.05086239e-06  4.10000000e-05  1.00188610e+00  4.10000000e-05  1.04214090e+00  4.10000000e-05  3.00951551e-06 
 4.20000000e-05  1.66770734e+00  4.20000000e-05  9.57080560e-01  4.20000000e-05  8.06279262e-01  4.20000000e-05  2.49999976e-05  4.20000000e-05  1.00474725e+00  4.20000000e-05  7.91747714e-01  4.20000000e-05  4.19999974e-05  4.20000000e-05  1.64877225e+00  4.20000000e-05  6.88215201e-01  4.20000000e-05  1.56242327e-04  4.20000000e-05  1.64877247e+00  4.20000000e-05  6.88215123e-01  4.20000000e-05  1.54895641e-04  4.20000000e-05  1.64877244e+00  4.20000000e-05  6.88215131e-01  4.20000000e-05  1.55036663e-04  4.20000000e-05  1.01189206e+00  4.20000000e-05  1.04087460e+00  4.20000000e-05  4.05301277e-06  4.20000000e-05  1.00208204e+00  4.20000000e-05  1.04235416e+00  4.20000000e-05  3.00790685e-06 
 4.30000000e-05  1.66776550e+00  4.30000000e-05  9.57080250e-01  4.30000000e-05  8.06278955e-01  4.30000000e-05  2.49999976e-05  4.30000000e-05  1.00720061e+00  4.30000000e-05  7.90990613e-01  4.30000000e-05  4.29999973e-05  4.30000000e-05  1.64877227e+00  4.30000000e-05  6.88215201e-01  4.30000000e-05  1.56241901e-04  4.30000000e-05  1.64877249e+00  4.30000000e-05  6.88215121e-01  4.30000000e-05  1.54867528e-04  4.30000000e-05  1.64877246e+00  4.30000000e-05  6.88215131e-01  4.30000000e-05  1.55036276e-04  4.30000000e-05  1.01214052e+00  4.30000000e-05  1.04108735e+00  4.30000000e-05  4.05516310e-06  4.30000000e-05  1.00227770e+00  4.30000000e-05  1.04256716e+00  4.30000000e-05  3.00629763e-06 
 4.40000000e-05  1.66782367e+00  4.40000000e-05  9.57079940e-01  4.40000000e-05  8.06278648e-01  4.40000000e-05  2.49999976e-05  4.40000000e-05  1.00962561e+00  4.40000000e-05  7.90241390e-01  4.40000000e-05  4.39999973e-05  4.40000000e-05  1.64877229e+00  4.40000000e-05  6.88215201e-01  4.40000000e-05  1.56241477e-04  4.40000000e-05  1.64877251e+00  4.40000000e-05  6.88215120e-01  4.40000000e-05  1.54839488e-04  4.40000000e-05  1.64877248e+00  4.40000000e-05  6.88215131e-01  4.40000000e-05  1.55035889e-04  4.40000000e-05  1.01238870e+00  4.40000000e-05  1.04129984e+00  4.40000000e-05  4.05731335e-06  4.40000000e-05  1.00247307e+00  4.40000000e-05  1.04277989e+00  4.40000000e-05  3.00468790e-06 
 4.50000000e-05  1.66788184e+00  4.50000000e-05  9.57079630e-01  4.50000000e-05  8.06278341e-01  4.50000000e-05  2.49999976e-05  4.50000000e-05  1.01202338e+00  4.50000000e-05  7.89499726e-01  4.50000000e-05  4.49999972e-05  4.50000000e-05  1.64877231e+00  4.50000000e-05  6.88215201e-01  4.50000000e-05  1.56241053e-04  4.50000000e-05  1.64877253e+00  4.50000000e-05  6.88215118e-01  4.50000000e-05  1.54811523e-04  4.50000000e-05  1.64877250e+00  4.50000000e-05  6.88215131e-01  4.50000000e-05  1.55035503e-04  4.50000000e-05  1.01263658e+00  4.50000000e-05  1.04151206e+00  4.50000000e-05  4.05946343e-06  4.50000000e-05  1.00266814e+00  4.50000000e-05  1.04299236e+00  4.50000000e-05  3.00307768e-06 
 4.60000000e-05  1.66794001e+00  4.60000000e-05  9.57079322e-01  4.60000000e-05  8.06278035e-01  4.60000000e-05  2.49999976e-05  4.60000000e-05  1.01439498e+00  4.60000000e-05  7.88765318e-01  4.60000000e-05  4.59999972e-05  4.60000000e-05  1.64877233e+00  4.60000000e-05  6.88215201e-01  4.60000000e-05  1.56240630e-04  4.60000000e-05  1.64877256e+00  4.60000000e-05  6.88215116e-01  4.60000000e-05  1.54783632e-04  4.60000000e-05  1.64877252e+00  4.60000000e-05  6.88215131e-01  4.60000000e-05  1.55035118e-04  4.60000000e-05  1.01288417e+00  4.60000000e-05  1.04172399e+00  4.60000000e-05  4.06161331e-06  4.60000000e-05  1.00286291e+00  4.60000000e-05  1.04320454e+00  4.60000000e-05  3.00146703e-06 
 4.70000000e-05  1.66799818e+00  4.70000000e-05  9.57079013e-01  4.70000000e-05  8.06277730e-01  4.70000000e-05  2.49999976e-05  4.70000000e-05  1.01674139e+00  4.70000000e-05  7.88037886e-01  4.70000000e-05  4.69999971e-05  4.70000000e-05  1.64877235e+00  4.70000000e-05  6.88215201e-01  4.70000000e-05  1.56240208e-04  4.70000000e-05  1.64877258e+00  4.70000000e-05  6.88215115e-01  4.70000000e-05  1.54755818e-04  4.70000000e-05  1.64877254e+00  4.70000000e-05  6.88215131e-01  4.70000000e-05  1.55034734e-04  4.70000000e-05  1.01313144e+00  4.70000000e-05  1.04193565e+00  4.70000000e-05  4.06376290e-06  4.70000000e-05  1.00305737e+00  4.70000000e-05  1.04341645e+00  4.70000000e-05  2.99985598e-06 
 4.80000000e-05  1.66805636e+00  4.80000000e-05  9.57078706e-01  4.80000000e-05  8.06277425e-01  4.80000000e-05  2.49999976e-05  4.80000000e-05  1.01906356e+00  4.80000000e-05  7.87317162e-01  4.80000000e-05  4.79999971e-05  4.80000000e-05  1.64877237e+00  4.80000000e-05  6.88215201e-01  4.80000000e-05  1.56239787e-04  4.80000000e-05  1.64877260e+00  4.80000000e-05  6.88215113e-01  4.80000000e-05  1.54728080e-04  4.80000000e-05  1.64877256e+00  4.80000000e-05  6.88215131e-01  4.80000000e-05  1.55034350e-04  4.80000000e-05  1.01337840e+00  4.80000000e-05  1.04214702e+00  4.80000000e-05  4.06591217e-06  4.80000000e-05  1.00325152e+00  4.80000000e-05  1.04362806e+00  4.80000000e-05  2.99824457e-06 
 4.90000000e-05  1.66811453e+00  4.90000000e-05  9.57078399e-01  4.90000000e-05  8.06277121e-01  4.90000000e-05  2.49999976e-05  4.90000000e-05  1.02136234e+00  4.90000000e-05  7.86602897e-01  4.90000000e-05  4.89999971e-05  4.90000000e-05  1.64877238e+00  4.90000000e-05  6.88215201e-01  4.90000000e-05  1.56239367e-04  4.90000000e-05  1.64877263e+00  4.90000000e-05  6.88215112e-01  4.90000000e-05  1.54700418e-04  4.90000000e-05  1.64877257e+00  4.90000000e-05  6.88215131e-01  4.90000000e-05  1.55033967e-04  4.90000000e-05  1.01362503e+00  4.90000000e-05  1.04235808e+00  4.90000000e-05  4.06806103e-06  4.90000000e-05  1.00344534e+00  4.90000000e-05  1.04383937e+00  4.90000000e-05  2.99663287e-06 
 5.00000000e-05  1.66817270e+00  5.00000000e-05  9.57078092e-01  5.00000000e-05  8.06276818e-01  5.00000000e-05  2.49999976e-05  5.00000000e-05  1.02363858e+00  5.00000000e-05  7.85894853e-01  5.00000000e-05  4.99999970e-05  5.00000000e-05  1.64877240e+00  5.00000000e-05  6.88215201e-01  5.00000000e-05  1.56238947e-04  5.00000000e-05  1.64877265e+00  5.00000000e-05  6.88215110e-01  5.00000000e-05  1.54672834e-04  5.00000000e-05  1.64877259e+00  5.00000000e-05  6.88215131e-01  5.00000000e-05  1.55033585e-04  5.00000000e-05  1.01387132e+00  5.00000000e-05  1.04256885e+00  5.00000000e-05  4.07020945e-06  5.00000000e-05  1.00363884e+00  5.00000000e-05  1.04405038e+00  5.00000000e-05  2.99502089e-06 
