 0.00000000e+00  1.24999999e+00  0.00000000e+00  3.83932405e-01  0.00000000e+00  9.61924180e-01  0.00000000e+00  5.23032865e-02  0.00000000e+00  8.65963074e-13  0.00000000e+00  2.60458763e-11  0.00000000e+00  1.82819884e-13 
 1.00000000e-06  1.24704956e+00  1.00000000e-06  7.66990047e-01  1.00000000e-06  8.63040989e-01  1.00000000e-06  5.91405208e-02  1.00000000e-06  1.00013711e-06  1.00000000e-06  2.29571769e-05  1.00000000e-06  1.54271143e-07 
 2.00000000e-06  1.24409913e+00  2.00000000e-06  7.91345462e-01  2.00000000e-06  8.56252336e-01  2.00000000e-06  6.56629564e-02  2.00000000e-06  2.00404447e-06  2.00000000e-06  4.26921277e-05  2.00000000e-06  2.84457816e-07 
 3.00000000e-06  1.24114869e+00  3.00000000e-06  8.06425004e-01  3.00000000e-06  8.52015853e-01  3.00000000e-06  7.12600092e-02  3.00000000e-06  3.00065544e-06  3.00000000e-06  6.05710620e-05  3.00000000e-06  4.00197205e-07 
 4.00000000e-06  1.23819826e+00  4.00000000e-06  8.17845076e-01  4.00000000e-06  8.48790364e-01  4.00000000e-06  7.63421980e-02  4.00000000e-06  4.01452736e-06  4.00000000e-06  7.74618432e-05  4.00000000e-06  5.08529628e-07 
 5.00000000e-06  1.23524782e+00  5.00000000e-06  8.26876983e-01  5.00000000e-06  8.46229046e-01  5.00000000e-06  8.08763891e-02  5.00000000e-06  5.00691119e-06  5.00000000e-06  9.29791534e-05  5.00000000e-06  6.07757570e-07 
 6.00000000e-06  1.23229739e+00  6.00000000e-06  8.34562435e-01  6.00000000e-06  8.44042295e-01  6.00000000e-06  8.50849232e-02  6.00000000e-06  6.00239103e-06  6.00000000e-06  1.07704102e-04  6.00000000e-06  7.02001457e-07 
 7.00000000e-06  1.22934695e+00  7.00000000e-06  8.41301528e-01  7.00000000e-06  8.42119298e-01  7.00000000e-06  8.90319890e-02  7.00000000e-06  7.00126807e-06  7.00000000e-06  1.21755344e-04  7.00000000e-06  7.92249581e-07 
 8.00000000e-06  1.22639652e+00  8.00000000e-06  8.47320102e-01  8.00000000e-06  8.40397546e-01  8.00000000e-06  9.27525414e-02  8.00000000e-06  8.00077912e-06  8.00000000e-06  1.35183212e-04  8.00000000e-06  8.78961881e-07 
 9.00000000e-06  1.22344608e+00  9.00000000e-06  8.52778381e-01  9.00000000e-06  8.38832519e-01  9.00000000e-06  9.62800724e-02  9.00000000e-06  9.00049425e-06  9.00000000e-06  1.48054782e-04  9.00000000e-06  9.62649335e-07 
 1.00000000e-05  1.22049565e+00  1.00000000e-05  8.57788637e-01  1.00000000e-05  8.37392966e-01  1.00000000e-05  9.96413289e-02  1.00000000e-05  1.00003288e-05  1.00000000e-05  1.60428023e-04  1.00000000e-05  1.04373180e-06 
 1.10000000e-05  1.21754522e+00  1.10000000e-05  8.62431865e-01  1.10000000e-05  8.36056311e-01  1.10000000e-05  1.02857434e-01  1.10000000e-05  1.10002282e-05  1.10000000e-05  1.72350872e-04  1.10000000e-05  1.12254467e-06 
 1.20000000e-05  1.21459478e+00  1.20000000e-05  8.66768524e-01  1.20000000e-05  8.34805682e-01  1.20000000e-05  1.05945432e-01  1.20000000e-05  1.20001637e-05  1.20000000e-05  1.83863647e-04  1.20000000e-05  1.19936174e-06 
 1.30000000e-05  1.21164435e+00  1.30000000e-05  8.70844973e-01  1.30000000e-05  8.33628128e-01  1.30000000e-05  1.08919298e-01  1.30000000e-05  1.30001207e-05  1.30000000e-05  1.95000644e-04  1.30000000e-05  1.27440995e-06 
 1.40000000e-05  1.20869391e+00  1.40000000e-05  8.74697567e-01  1.40000000e-05  8.32513484e-01  1.40000000e-05  1.11790650e-01  1.40000000e-05  1.40000911e-05  1.40000000e-05  2.05791334e-04  1.40000000e-05  1.34787993e-06 
 1.50000000e-05  1.20574348e+00  1.50000000e-05  8.78355360e-01  1.50000000e-05  8.31453616e-01  1.50000000e-05  1.14569270e-01  1.50000000e-05  1.50000701e-05  1.50000000e-05  2.16261281e-04  1.50000000e-05  1.41993374e-06 
 1.60000000e-05  1.20279304e+00  1.60000000e-05  8.81841959e-01  1.60000000e-05  8.30441915e-01  1.60000000e-05  1.17263477e-01  1.60000000e-05  1.60000548e-05  1.60000000e-05  2.26432855e-04  1.60000000e-05  1.49071064e-06 
 1.70000000e-05  1.19984261e+00  1.70000000e-05  8.85176813e-01  1.70000000e-05  8.29472928e-01  1.70000000e-05  1.19880424e-01  1.70000000e-05  1.70000435e-05  1.70000000e-05  2.36325781e-04  1.70000000e-05  1.56033147e-06 
 1.80000000e-05  1.19689217e+00  1.80000000e-05  8.88376149e-01  1.80000000e-05  8.28542103e-01  1.80000000e-05  1.22426308e-01  1.80000000e-05  1.80000350e-05  1.80000000e-05  2.45957576e-04  1.80000000e-05  1.62890201e-06 
 1.90000000e-05  1.19394174e+00  1.90000000e-05  8.91453651e-01  1.90000000e-05  8.27645599e-01  1.90000000e-05  1.24906542e-01  1.90000000e-05  1.90000284e-05  1.90000000e-05  2.55343893e-04  1.90000000e-05  1.69651557e-06 
 2.00000000e-05  1.19099131e+00  2.00000000e-05  8.94420973e-01  2.00000000e-05  8.26780144e-01  2.00000000e-05  1.27325885e-01  2.00000000e-05  2.00000233e-05  2.00000000e-05  2.64498801e-04  2.00000000e-05  1.76325506e-06 
 2.10000000e-05  1.18804087e+00  2.10000000e-05  8.97288125e-01  2.10000000e-05  8.25942925e-01  2.10000000e-05  1.29688552e-01  2.10000000e-05  2.10000193e-05  2.10000000e-05  2.73435011e-04  2.10000000e-05  1.82919460e-06 
 2.20000000e-05  1.18509044e+00  2.20000000e-05  9.00063773e-01  2.20000000e-05  8.25131505e-01  2.20000000e-05  1.31998292e-01  2.20000000e-05  2.20000161e-05  2.20000000e-05  2.82164058e-04  2.20000000e-05  1.89440089e-06 
 2.30000000e-05  1.18214000e+00  2.30000000e-05  9.02755470e-01  2.30000000e-05  8.24343760e-01  2.30000000e-05  1.34258460e-01  2.30000000e-05  2.30000135e-05  2.30000000e-05  2.90696460e-04  2.30000000e-05  1.95893425e-06 
 2.40000000e-05  1.17918957e+00  2.40000000e-05  9.05369844e-01  2.40000000e-05  8.23577823e-01  2.40000000e-05  1.36472071e-01  2.40000000e-05  2.40000114e-05  2.40000000e-05  2.99041840e-04  2.40000000e-05  2.02284952e-06 
 2.50000000e-05  1.17623913e+00  2.50000000e-05  9.07912743e-01  2.50000000e-05  8.22832049e-01  2.50000000e-05  1.38641849e-01  2.50000000e-05  2.50000097e-05  2.50000000e-05  3.07209039e-04  2.50000000e-05  2.08619678e-06 
 2.60000000e-05  1.17328870e+00  2.60000000e-05  9.10389355e-01  2.60000000e-05  8.22104976e-01  2.60000000e-05  1.40770261e-01  2.60000000e-05  2.60000083e-05  2.60000000e-05  3.15206201e-04  2.60000000e-05  2.14902200e-06 
 2.70000000e-05  1.17033826e+00  2.70000000e-05  9.12804306e-01  2.70000000e-05  8.21395300e-01  2.70000000e-05  1.42859554e-01  2.70000000e-05  2.70000071e-05  2.70000000e-05  3.23040856e-04  2.70000000e-05  2.21136749e-06 
 2.80000000e-05  1.16738783e+00  2.80000000e-05  9.15161738e-01  2.80000000e-05  8.20701854e-01  2.80000000e-05  1.44911777e-01  2.80000000e-05  2.80000061e-05  2.80000000e-05  3.30719984e-04  2.80000000e-05  2.27327242e-06 
 2.90000000e-05  1.16443739e+00  2.90000000e-05  9.17465375e-01  2.90000000e-05  8.20023588e-01  2.90000000e-05  1.46928809e-01  2.90000000e-05  2.90000053e-05  2.90000000e-05  3.38250070e-04  2.90000000e-05  2.33477310e-06 
 3.00000000e-05  1.16148696e+00  3.00000000e-05  9.19718580e-01  3.00000000e-05  8.19359552e-01  3.00000000e-05  1.48912375e-01  3.00000000e-05  3.00000046e-05  3.00000000e-05  3.45637160e-04  3.00000000e-05  2.39590339e-06 
 3.10000000e-05  1.15853653e+00  3.10000000e-05  9.21924399e-01  3.10000000e-05  8.18708887e-01  3.10000000e-05  1.50864064e-01  3.10000000e-05  3.10000040e-05  3.10000000e-05  3.52886895e-04  3.10000000e-05  2.45669489e-06 
 3.20000000e-05  1.15558609e+00  3.20000000e-05  9.24085601e-01  3.20000000e-05  8.18070812e-01  3.20000000e-05  1.52785344e-01  3.20000000e-05  3.20000035e-05  3.20000000e-05  3.60004556e-04  3.20000000e-05  2.51717725e-06 
 3.30000000e-05  1.15263566e+00  3.30000000e-05  9.26204712e-01  3.30000000e-05  8.17444612e-01  3.30000000e-05  1.54677574e-01  3.30000000e-05  3.30000031e-05  3.30000000e-05  3.66995095e-04  3.30000000e-05  2.57737833e-06 
 3.40000000e-05  1.14968522e+00  3.40000000e-05  9.28284039e-01  3.40000000e-05  8.16829637e-01  3.40000000e-05  1.56542016e-01  3.40000000e-05  3.40000027e-05  3.40000000e-05  3.73863161e-04  3.40000000e-05  2.63732441e-06 
 3.50000000e-05  1.14673479e+00  3.50000000e-05  9.30325702e-01  3.50000000e-05  8.16225286e-01  3.50000000e-05  1.58379843e-01  3.50000000e-05  3.50000023e-05  3.50000000e-05  3.80613133e-04  3.50000000e-05  2.69704033e-06 
 3.60000000e-05  1.14378435e+00  3.60000000e-05  9.32331647e-01  3.60000000e-05  8.15631011e-01  3.60000000e-05  1.60192147e-01  3.60000000e-05  3.60000021e-05  3.60000000e-05  3.87249134e-04  3.60000000e-05  2.75654961e-06 
 3.70000000e-05  1.14083392e+00  3.70000000e-05  9.34303668e-01  3.70000000e-05  8.15046303e-01  3.70000000e-05  1.61979951e-01  3.70000000e-05  3.70000018e-05  3.70000000e-05  3.93775060e-04  3.70000000e-05  2.81587465e-06 
 3.80000000e-05  1.13788348e+00  3.80000000e-05  9.36243425e-01  3.80000000e-05  8.14470694e-01  3.80000000e-05  1.63744208e-01  3.80000000e-05  3.80000016e-05  3.80000000e-05  4.00194590e-04  3.80000000e-05  2.87503676e-06 
 3.90000000e-05  1.13493305e+00  3.90000000e-05  9.38152452e-01  3.90000000e-05  8.13903749e-01  3.90000000e-05  1.65485814e-01  3.90000000e-05  3.90000014e-05  3.90000000e-05  4.06511209e-04  3.90000000e-05  2.93405628e-06 
 4.00000000e-05  1.13198262e+00  4.00000000e-05  9.40032173e-01  4.00000000e-05  8.13345065e-01  4.00000000e-05  1.67205609e-01  4.00000000e-05  4.00000012e-05  4.00000000e-05  4.12728222e-04  4.00000000e-05  2.99295269e-06 
 4.10000000e-05  1.12903218e+00  4.10000000e-05  9.41883912e-01  4.10000000e-05  8.12794268e-01  4.10000000e-05  1.68904382e-01  4.10000000e-05  4.10000011e-05  4.10000000e-05  4.18848763e-04  4.10000000e-05  3.05174469e-06 
 4.20000000e-05  1.12608175e+00  4.20000000e-05  9.43708901e-01  4.20000000e-05  8.12251008e-01  4.20000000e-05  1.70582877e-01  4.20000000e-05  4.20000010e-05  4.20000000e-05  4.24875810e-04  4.20000000e-05  3.11045024e-06 
 4.30000000e-05  1.12313131e+00  4.30000000e-05  9.45508292e-01  4.30000000e-05  8.11714961e-01  4.30000000e-05  1.72241796e-01  4.30000000e-05  4.30000008e-05  4.30000000e-05  4.30812198e-04  4.30000000e-05  3.16908662e-06 
 4.40000000e-05  1.12018088e+00  4.40000000e-05  9.47283158e-01  4.40000000e-05  8.11185821e-01  4.40000000e-05  1.73881800e-01  4.40000000e-05  4.40000007e-05  4.40000000e-05  4.36660623e-04  4.40000000e-05  3.22767055e-06 
 4.50000000e-05  1.11723044e+00  4.50000000e-05  9.49034505e-01  4.50000000e-05  8.10663304e-01  4.50000000e-05  1.75503514e-01  4.50000000e-05  4.50000007e-05  4.50000000e-05  4.42423658e-04  4.50000000e-05  3.28621818e-06 
 4.60000000e-05  1.11428001e+00  4.60000000e-05  9.50763277e-01  4.60000000e-05  8.10147142e-01  4.60000000e-05  1.77107532e-01  4.60000000e-05  4.60000006e-05  4.60000000e-05  4.48103756e-04  4.60000000e-05  3.34474515e-06 
 4.70000000e-05  1.11132957e+00  4.70000000e-05  9.52470360e-01  4.70000000e-05  8.09637085e-01  4.70000000e-05  1.78694414e-01  4.70000000e-05  4.70000005e-05  4.70000000e-05  4.53703260e-04  4.70000000e-05  3.40326665e-06 
 4.80000000e-05  1.10837914e+00  4.80000000e-05  9.54156584e-01  4.80000000e-05  8.09132896e-01  4.80000000e-05  1.80264694e-01  4.80000000e-05  4.80000004e-05  4.80000000e-05  4.59224410e-04  4.80000000e-05  3.46179748e-06 
 4.90000000e-05  1.10542870e+00  4.90000000e-05  9.55822735e-01  4.90000000e-05  8.08634353e-01  4.90000000e-05  1.81818876e-01  4.90000000e-05  4.90000004e-05  4.90000000e-05  4.64669347e-04  4.90000000e-05  3.52035201e-06 
 5.00000000e-05  1.10247827e+00  5.00000000e-05  9.57469550e-01  5.00000000e-05  8.08141248e-01  5.00000000e-05  1.83357442e-01  5.00000000e-05  5.00000003e-05  5.00000000e-05  4.70040122e-04  5.00000000e-05  3.57894430e-06 
