 0.00000000e+00  1.58847491e+00 
 1.00000000e-06  1.58992596e+00 
 2.00000000e-06  1.59139247e+00 
 3.00000000e-06  1.59287429e+00 
 4.00000000e-06  1.59437133e+00 
 5.00000000e-06  1.59588353e+00 
 6.00000000e-06  1.59741078e+00 
 7.00000000e-06  1.59895301e+00 
 8.00000000e-06  1.60051009e+00 
 9.00000000e-06  1.60208191e+00 
 1.00000000e-05  1.60366835e+00 
 1.10000000e-05  1.60526927e+00 
 1.20000000e-05  1.60688452e+00 
 1.30000000e-05  1.60851396e+00 
 1.40000000e-05  1.61015741e+00 
 1.50000000e-05  1.61181470e+00 
 1.60000000e-05  1.61348564e+00 
 1.70000000e-05  1.61517004e+00 
 1.80000000e-05  1.61686770e+00 
 1.90000000e-05  1.61857839e+00 
 2.00000000e-05  1.62030188e+00 
 2.10000000e-05  1.62203794e+00 
 2.20000000e-05  1.62378631e+00 
 2.30000000e-05  1.62554674e+00 
 2.40000000e-05  1.62731896e+00 
 2.50000000e-05  1.62910267e+00 
 2.60000000e-05  1.63089760e+00 
 2.70000000e-05  1.63270342e+00 
 2.80000000e-05  1.63451983e+00 
 2.90000000e-05  1.63634650e+00 
 3.00000000e-05  1.63818308e+00 
 3.10000000e-05  1.64002924e+00 
 3.20000000e-05  1.64188461e+00 
 3.30000000e-05  1.64374882e+00 
 3.40000000e-05  1.64562149e+00 
 3.50000000e-05  1.64750222e+00 
 3.60000000e-05  1.64939062e+00 
 3.70000000e-05  1.65128626e+00 
 3.80000000e-05  1.65318873e+00 
 3.90000000e-05  1.65509760e+00 
 4.00000000e-05  1.65701241e+00 
 4.10000000e-05  1.65893271e+00 
 4.20000000e-05  1.66085805e+00 
 4.30000000e-05  1.66278795e+00 
 4.40000000e-05  1.66472193e+00 
 4.50000000e-05  1.66665950e+00 
 4.60000000e-05  1.66860016e+00 
 4.70000000e-05  1.67054341e+00 
 4.80000000e-05  1.67248874e+00 
 4.90000000e-05  1.67443561e+00 
 5.00000000e-05  1.67638351e+00 
 0.00000000e+00  1.61691722e+00 
 1.00000000e-06  1.61851512e+00 
 2.00000000e-06  1.62012503e+00 
 3.00000000e-06  1.62174678e+00 
 4.00000000e-06  1.62338018e+00 
 5.00000000e-06  1.62502504e+00 
 6.00000000e-06  1.62668115e+00 
 7.00000000e-06  1.62834831e+00 
 8.00000000e-06  1.63002628e+00 
 9.00000000e-06  1.63171485e+00 
 1.00000000e-05  1.63341378e+00 
 1.10000000e-05  1.63512280e+00 
 1.20000000e-05  1.63684168e+00 
 1.30000000e-05  1.63857014e+00 
 1.40000000e-05  1.64030791e+00 
 1.50000000e-05  1.64205470e+00 
 1.60000000e-05  1.64381023e+00 
 1.70000000e-05  1.64557418e+00 
 1.80000000e-05  1.64734625e+00 
 1.90000000e-05  1.64912612e+00 
 2.00000000e-05  1.65091346e+00 
 2.10000000e-05  1.65270793e+00 
 2.20000000e-05  1.65450918e+00 
 2.30000000e-05  1.65631687e+00 
 2.40000000e-05  1.65813061e+00 
 2.50000000e-05  1.65995005e+00 
 2.60000000e-05  1.66177480e+00 
 2.70000000e-05  1.66360448e+00 
 2.80000000e-05  1.66543868e+00 
 2.90000000e-05  1.66727699e+00 
 3.00000000e-05  1.66911902e+00 
 3.10000000e-05  1.67096433e+00 
 3.20000000e-05  1.67281250e+00 
 3.30000000e-05  1.67466309e+00 
 3.40000000e-05  1.67651567e+00 
 3.50000000e-05  1.67836978e+00 
 3.60000000e-05  1.68022497e+00 
 3.70000000e-05  1.68208078e+00 
 3.80000000e-05  1.68393675e+00 
 3.90000000e-05  1.68579239e+00 
 4.00000000e-05  1.68764724e+00 
 4.10000000e-05  1.68950082e+00 
 4.20000000e-05  1.69135263e+00 
 4.30000000e-05  1.69320219e+00 
 4.40000000e-05  1.69504901e+00 
 4.50000000e-05  1.69689259e+00 
 4.60000000e-05  1.69873243e+00 
 4.70000000e-05  1.70056803e+00 
 4.80000000e-05  1.70239888e+00 
 4.90000000e-05  1.70422449e+00 
 5.00000000e-05  1.70604434e+00 
 0.00000000e+00  1.64737977e+00 
 1.00000000e-06  1.64904233e+00 
 2.00000000e-06  1.65071209e+00 
 3.00000000e-06  1.65238899e+00 
 4.00000000e-06  1.65407274e+00 
 5.00000000e-06  1.65576308e+00 
 6.00000000e-06  1.65745971e+00 
 7.00000000e-06  1.65916234e+00 
 8.00000000e-06  1.66087067e+00 
 9.00000000e-06  1.66258439e+00 
 1.00000000e-05  1.66430319e+00 
 1.10000000e-05  1.66602674e+00 
 1.20000000e-05  1.66775472e+00 
 1.30000000e-05  1.66948679e+00 
 1.40000000e-05  1.67122261e+00 
 1.50000000e-05  1.67296182e+00 
 1.60000000e-05  1.67470409e+00 
 1.70000000e-05  1.67644904e+00 
 1.80000000e-05  1.67819630e+00 
 1.90000000e-05  1.67994551e+00 
 2.00000000e-05  1.68169629e+00 
 2.10000000e-05  1.68344825e+00 
 2.20000000e-05  1.68520100e+00 
 2.30000000e-05  1.68695415e+00 
 2.40000000e-05  1.68870730e+00 
 2.50000000e-05  1.69046004e+00 
 2.60000000e-05  1.69221197e+00 
 2.70000000e-05  1.69396268e+00 
 2.80000000e-05  1.69571174e+00 
 2.90000000e-05  1.69745874e+00 
 3.00000000e-05  1.69920325e+00 
 3.10000000e-05  1.70094485e+00 
 3.20000000e-05  1.70268310e+00 
 3.30000000e-05  1.70441759e+00 
 3.40000000e-05  1.70614787e+00 
 3.50000000e-05  1.70787351e+00 
 3.60000000e-05  1.70959407e+00 
 3.70000000e-05  1.71130912e+00 
 3.80000000e-05  1.71301822e+00 
 3.90000000e-05  1.71472094e+00 
 4.00000000e-05  1.71641683e+00 
 4.10000000e-05  1.71810545e+00 
 4.20000000e-05  1.71978638e+00 
 4.30000000e-05  1.72145919e+00 
 4.40000000e-05  1.72312343e+00 
 4.50000000e-05  1.72477868e+00 
 4.60000000e-05  1.72642452e+00 
 4.70000000e-05  1.72806051e+00 
 4.80000000e-05  1.72968626e+00 
 4.90000000e-05  1.73130133e+00 
 5.00000000e-05  1.73290532e+00 
 0.00000000e+00  1.67820742e+00 
 1.00000000e-06  1.67984117e+00 
 2.00000000e-06  1.68147716e+00 
 3.00000000e-06  1.68311508e+00 
 4.00000000e-06  1.68475461e+00 
 5.00000000e-06  1.68639542e+00 
 6.00000000e-06  1.68803721e+00 
 7.00000000e-06  1.68967963e+00 
 8.00000000e-06  1.69132235e+00 
 9.00000000e-06  1.69296504e+00 
 1.00000000e-05  1.69460735e+00 
 1.10000000e-05  1.69624895e+00 
 1.20000000e-05  1.69788947e+00 
 1.30000000e-05  1.69952857e+00 
 1.40000000e-05  1.70116590e+00 
 1.50000000e-05  1.70280110e+00 
 1.60000000e-05  1.70443380e+00 
 1.70000000e-05  1.70606365e+00 
 1.80000000e-05  1.70769028e+00 
 1.90000000e-05  1.70931331e+00 
 2.00000000e-05  1.71093239e+00 
 2.10000000e-05  1.71254715e+00 
 2.20000000e-05  1.71415720e+00 
 2.30000000e-05  1.71576219e+00 
 2.40000000e-05  1.71736173e+00 
 2.50000000e-05  1.71895546e+00 
 2.60000000e-05  1.72054300e+00 
 2.70000000e-05  1.72212398e+00 
 2.80000000e-05  1.72369802e+00 
 2.90000000e-05  1.72526477e+00 
 3.00000000e-05  1.72682384e+00 
 3.10000000e-05  1.72837487e+00 
 3.20000000e-05  1.72991749e+00 
 3.30000000e-05  1.73145135e+00 
 3.40000000e-05  1.73297607e+00 
 3.50000000e-05  1.73449131e+00 
 3.60000000e-05  1.73599671e+00 
 3.70000000e-05  1.73749192e+00 
 3.80000000e-05  1.73897660e+00 
 3.90000000e-05  1.74045040e+00 
 4.00000000e-05  1.74191298e+00 
 4.10000000e-05  1.74336402e+00 
 4.20000000e-05  1.74480320e+00 
 4.30000000e-05  1.74623019e+00 
 4.40000000e-05  1.74764468e+00 
 4.50000000e-05  1.74904636e+00 
 4.60000000e-05  1.75043495e+00 
 4.70000000e-05  1.75181014e+00 
 4.80000000e-05  1.75317165e+00 
 4.90000000e-05  1.75451921e+00 
 5.00000000e-05  1.75585255e+00 
 0.00000000e+00  1.70767658e+00 
 1.00000000e-06  1.70919217e+00 
 2.00000000e-06  1.71070562e+00 
 3.00000000e-06  1.71221611e+00 
 4.00000000e-06  1.71372335e+00 
 5.00000000e-06  1.71522703e+00 
 6.00000000e-06  1.71672682e+00 
 7.00000000e-06  1.71822242e+00 
 8.00000000e-06  1.71971352e+00 
 9.00000000e-06  1.72119980e+00 
 1.00000000e-05  1.72268094e+00 
 1.10000000e-05  1.72415664e+00 
 1.20000000e-05  1.72562658e+00 
 1.30000000e-05  1.72709045e+00 
 1.40000000e-05  1.72854793e+00 
 1.50000000e-05  1.72999871e+00 
 1.60000000e-05  1.73144248e+00 
 1.70000000e-05  1.73287893e+00 
 1.80000000e-05  1.73430775e+00 
 1.90000000e-05  1.73572865e+00 
 2.00000000e-05  1.73714130e+00 
 2.10000000e-05  1.73854542e+00 
 2.20000000e-05  1.73994069e+00 
 2.30000000e-05  1.74132684e+00 
 2.40000000e-05  1.74270356e+00 
 2.50000000e-05  1.74407057e+00 
 2.60000000e-05  1.74542758e+00 
 2.70000000e-05  1.74677431e+00 
 2.80000000e-05  1.74811048e+00 
 2.90000000e-05  1.74943583e+00 
 3.00000000e-05  1.75075008e+00 
 3.10000000e-05  1.75205298e+00 
 3.20000000e-05  1.75334427e+00 
 3.30000000e-05  1.75462370e+00 
 3.40000000e-05  1.75589102e+00 
 3.50000000e-05  1.75714601e+00 
 3.60000000e-05  1.75838842e+00 
 3.70000000e-05  1.75961803e+00 
 3.80000000e-05  1.76083464e+00 
 3.90000000e-05  1.76203802e+00 
 4.00000000e-05  1.76322797e+00 
 4.10000000e-05  1.76440431e+00 
 4.20000000e-05  1.76556684e+00 
 4.30000000e-05  1.76671540e+00 
 4.40000000e-05  1.76784980e+00 
 4.50000000e-05  1.76896989e+00 
 4.60000000e-05  1.77007552e+00 
 4.70000000e-05  1.77116654e+00 
 4.80000000e-05  1.77224282e+00 
 4.90000000e-05  1.77330424e+00 
 5.00000000e-05  1.77435068e+00 
 0.00000000e+00  1.73427479e+00 
 1.00000000e-06  1.73559711e+00 
 2.00000000e-06  1.73691820e+00 
 3.00000000e-06  1.73823255e+00 
 4.00000000e-06  1.73953991e+00 
 5.00000000e-06  1.74084003e+00 
 6.00000000e-06  1.74213265e+00 
 7.00000000e-06  1.74341753e+00 
 8.00000000e-06  1.74469441e+00 
 9.00000000e-06  1.74596305e+00 
 1.00000000e-05  1.74722321e+00 
 1.10000000e-05  1.74847465e+00 
 1.20000000e-05  1.74971713e+00 
 1.30000000e-05  1.75095042e+00 
 1.40000000e-05  1.75217429e+00 
 1.50000000e-05  1.75338852e+00 
 1.60000000e-05  1.75459288e+00 
 1.70000000e-05  1.75578716e+00 
 1.80000000e-05  1.75697114e+00 
 1.90000000e-05  1.75814461e+00 
 2.00000000e-05  1.75930738e+00 
 2.10000000e-05  1.76045924e+00 
 2.20000000e-05  1.76160000e+00 
 2.30000000e-05  1.76272947e+00 
 2.40000000e-05  1.76384748e+00 
 2.50000000e-05  1.76495384e+00 
 2.60000000e-05  1.76604838e+00 
 2.70000000e-05  1.76713094e+00 
 2.80000000e-05  1.76820137e+00 
 2.90000000e-05  1.76925950e+00 
 3.00000000e-05  1.77030521e+00 
 3.10000000e-05  1.77133834e+00 
 3.20000000e-05  1.77235876e+00 
 3.30000000e-05  1.77336637e+00 
 3.40000000e-05  1.77436103e+00 
 3.50000000e-05  1.77534263e+00 
 3.60000000e-05  1.77631108e+00 
 3.70000000e-05  1.77726628e+00 
 3.80000000e-05  1.77820815e+00 
 3.90000000e-05  1.77913660e+00 
 4.00000000e-05  1.78005156e+00 
 4.10000000e-05  1.78095297e+00 
 4.20000000e-05  1.78184077e+00 
 4.30000000e-05  1.78271492e+00 
 4.40000000e-05  1.78357537e+00 
 4.50000000e-05  1.78442209e+00 
 4.60000000e-05  1.78525506e+00 
 4.70000000e-05  1.78607426e+00 
 4.80000000e-05  1.78687968e+00 
 4.90000000e-05  1.78767132e+00 
 5.00000000e-05  1.78844918e+00 
