 0.00000000e+00  1.56684415e+00 
 1.00000000e-06  1.56775340e+00 
 2.00000000e-06  1.56869000e+00 
 3.00000000e-06  1.56965437e+00 
 4.00000000e-06  1.57064689e+00 
 5.00000000e-06  1.57166791e+00 
 6.00000000e-06  1.57271780e+00 
 7.00000000e-06  1.57379687e+00 
 8.00000000e-06  1.57490541e+00 
 9.00000000e-06  1.57604369e+00 
 1.00000000e-05  1.57721195e+00 
 1.10000000e-05  1.57841040e+00 
 1.20000000e-05  1.57963922e+00 
 1.30000000e-05  1.58089855e+00 
 1.40000000e-05  1.58218850e+00 
 1.50000000e-05  1.58350915e+00 
 1.60000000e-05  1.58486054e+00 
 1.70000000e-05  1.58624266e+00 
 1.80000000e-05  1.58765548e+00 
 1.90000000e-05  1.58909891e+00 
 2.00000000e-05  1.59057284e+00 
 2.10000000e-05  1.59207709e+00 
 2.20000000e-05  1.59361146e+00 
 2.30000000e-05  1.59517570e+00 
 2.40000000e-05  1.59676951e+00 
 2.50000000e-05  1.59839255e+00 
 2.60000000e-05  1.60004443e+00 
 2.70000000e-05  1.60172472e+00 
 2.80000000e-05  1.60343293e+00 
 2.90000000e-05  1.60516855e+00 
 3.00000000e-05  1.60693100e+00 
 3.10000000e-05  1.60871965e+00 
 3.20000000e-05  1.61053385e+00 
 3.30000000e-05  1.61237289e+00 
 3.40000000e-05  1.61423601e+00 
 3.50000000e-05  1.61612241e+00 
 3.60000000e-05  1.61803125e+00 
 3.70000000e-05  1.61996164e+00 
 3.80000000e-05  1.62191266e+00 
 3.90000000e-05  1.62388335e+00 
 4.00000000e-05  1.62587268e+00 
 4.10000000e-05  1.62787963e+00 
 4.20000000e-05  1.62990311e+00 
 4.30000000e-05  1.63194200e+00 
 4.40000000e-05  1.63399516e+00 
 4.50000000e-05  1.63606140e+00 
 4.60000000e-05  1.63813952e+00 
 4.70000000e-05  1.64022828e+00 
 4.80000000e-05  1.64232642e+00 
 4.90000000e-05  1.64443266e+00 
 5.00000000e-05  1.64654568e+00 
 0.00000000e+00  1.61747394e+00 
 1.00000000e-06  1.61922644e+00 
 2.00000000e-06  1.62099853e+00 
 3.00000000e-06  1.62278956e+00 
 4.00000000e-06  1.62459882e+00 
 5.00000000e-06  1.62642561e+00 
 6.00000000e-06  1.62826917e+00 
 7.00000000e-06  1.63012873e+00 
 8.00000000e-06  1.63200347e+00 
 9.00000000e-06  1.63389256e+00 
 1.00000000e-05  1.63579512e+00 
 1.10000000e-05  1.63771027e+00 
 1.20000000e-05  1.63963708e+00 
 1.30000000e-05  1.64157461e+00 
 1.40000000e-05  1.64352190e+00 
 1.50000000e-05  1.64547794e+00 
 1.60000000e-05  1.64744173e+00 
 1.70000000e-05  1.64941224e+00 
 1.80000000e-05  1.65138842e+00 
 1.90000000e-05  1.65336920e+00 
 2.00000000e-05  1.65535349e+00 
 2.10000000e-05  1.65734021e+00 
 2.20000000e-05  1.65932824e+00 
 2.30000000e-05  1.66131647e+00 
 2.40000000e-05  1.66330377e+00 
 2.50000000e-05  1.66528900e+00 
 2.60000000e-05  1.66727104e+00 
 2.70000000e-05  1.66924873e+00 
 2.80000000e-05  1.67122095e+00 
 2.90000000e-05  1.67318654e+00 
 3.00000000e-05  1.67514438e+00 
 3.10000000e-05  1.67709334e+00 
 3.20000000e-05  1.67903229e+00 
 3.30000000e-05  1.68096012e+00 
 3.40000000e-05  1.68287573e+00 
 3.50000000e-05  1.68477804e+00 
 3.60000000e-05  1.68666597e+00 
 3.70000000e-05  1.68853847e+00 
 3.80000000e-05  1.69039451e+00 
 3.90000000e-05  1.69223309e+00 
 4.00000000e-05  1.69405322e+00 
 4.10000000e-05  1.69585394e+00 
 4.20000000e-05  1.69763432e+00 
 4.30000000e-05  1.69939347e+00 
 4.40000000e-05  1.70113052e+00 
 4.50000000e-05  1.70284463e+00 
 4.60000000e-05  1.70453502e+00 
 4.70000000e-05  1.70620091e+00 
 4.80000000e-05  1.70784161e+00 
 4.90000000e-05  1.70945641e+00 
 5.00000000e-05  1.71104469e+00 
 0.00000000e+00  1.68671514e+00 
 1.00000000e-06  1.68846299e+00 
 2.00000000e-06  1.69019835e+00 
 3.00000000e-06  1.69192034e+00 
 4.00000000e-06  1.69362813e+00 
 5.00000000e-06  1.69532086e+00 
 6.00000000e-06  1.69699773e+00 
 7.00000000e-06  1.69865793e+00 
 8.00000000e-06  1.70030069e+00 
 9.00000000e-06  1.70192524e+00 
 1.00000000e-05  1.70353085e+00 
 1.10000000e-05  1.70511680e+00 
 1.20000000e-05  1.70668241e+00 
 1.30000000e-05  1.70822701e+00 
 1.40000000e-05  1.70974999e+00 
 1.50000000e-05  1.71125072e+00 
 1.60000000e-05  1.71272865e+00 
 1.70000000e-05  1.71418323e+00 
 1.80000000e-05  1.71561395e+00 
 1.90000000e-05  1.71702034e+00 
 2.00000000e-05  1.71840197e+00 
 2.10000000e-05  1.71975841e+00 
 2.20000000e-05  1.72108931e+00 
 2.30000000e-05  1.72239433e+00 
 2.40000000e-05  1.72367318e+00 
 2.50000000e-05  1.72492559e+00 
 2.60000000e-05  1.72615134e+00 
 2.70000000e-05  1.72735025e+00 
 2.80000000e-05  1.72852216e+00 
 2.90000000e-05  1.72966697e+00 
 3.00000000e-05  1.73078460e+00 
 3.10000000e-05  1.73187501e+00 
 3.20000000e-05  1.73293819e+00 
 3.30000000e-05  1.73397419e+00 
 3.40000000e-05  1.73498305e+00 
 3.50000000e-05  1.73596490e+00 
 3.60000000e-05  1.73691984e+00 
 3.70000000e-05  1.73784806e+00 
 3.80000000e-05  1.73874974e+00 
 3.90000000e-05  1.73962511e+00 
 4.00000000e-05  1.74047443e+00 
 4.10000000e-05  1.74129796e+00 
 4.20000000e-05  1.74209602e+00 
 4.30000000e-05  1.74286894e+00 
 4.40000000e-05  1.74361706e+00 
 4.50000000e-05  1.74434076e+00 
 4.60000000e-05  1.74504044e+00 
 4.70000000e-05  1.74571651e+00 
 4.80000000e-05  1.74636940e+00 
 4.90000000e-05  1.74699954e+00 
 5.00000000e-05  1.74760740e+00 
