 0.00000000e+00  1.66287989e+00 
 1.00000000e-06  1.66131675e+00 
 2.00000000e-06  1.65974403e+00 
 3.00000000e-06  1.65816203e+00 
 4.00000000e-06  1.65657109e+00 
 5.00000000e-06  1.65497153e+00 
 6.00000000e-06  1.65336368e+00 
 7.00000000e-06  1.65174788e+00 
 8.00000000e-06  1.65012448e+00 
 9.00000000e-06  1.64849383e+00 
 1.00000000e-05  1.64685628e+00 
 1.10000000e-05  1.64521221e+00 
 1.20000000e-05  1.64356198e+00 
 1.30000000e-05  1.64190596e+00 
 1.40000000e-05  1.64024456e+00 
 1.50000000e-05  1.63857814e+00 
 1.60000000e-05  1.63690712e+00 
 1.70000000e-05  1.63523190e+00 
 1.80000000e-05  1.63355288e+00 
 1.90000000e-05  1.63187049e+00 
 2.00000000e-05  1.63018516e+00 
 2.10000000e-05  1.62849732e+00 
 2.20000000e-05  1.62680740e+00 
 2.30000000e-05  1.62511586e+00 
 2.40000000e-05  1.62342316e+00 
 2.50000000e-05  1.62172977e+00 
 2.60000000e-05  1.62003614e+00 
 2.70000000e-05  1.61834278e+00 
 2.80000000e-05  1.61665017e+00 
 2.90000000e-05  1.61495881e+00 
 3.00000000e-05  1.61326921e+00 
 3.10000000e-05  1.61158190e+00 
 3.20000000e-05  1.60989740e+00 
 3.30000000e-05  1.60821626e+00 
 3.40000000e-05  1.60653902e+00 
 3.50000000e-05  1.60486626e+00 
 3.60000000e-05  1.60319855e+00 
 3.70000000e-05  1.60153648e+00 
 3.80000000e-05  1.59988065e+00 
 3.90000000e-05  1.59823169e+00 
 4.00000000e-05  1.59659022e+00 
 4.10000000e-05  1.59495689e+00 
 4.20000000e-05  1.59333237e+00 
 4.30000000e-05  1.59171734e+00 
 4.40000000e-05  1.59011249e+00 
 4.50000000e-05  1.58851855e+00 
 4.60000000e-05  1.58693625e+00 
 4.70000000e-05  1.58536634e+00 
 4.80000000e-05  1.58380960e+00 
 4.90000000e-05  1.58226682e+00 
 5.00000000e-05  1.58073882e+00 
 0.00000000e+00  1.66286640e+00 
 1.00000000e-06  1.66288309e+00 
 2.00000000e-06  1.66289996e+00 
 3.00000000e-06  1.66291693e+00 
 4.00000000e-06  1.66293398e+00 
 5.00000000e-06  1.66295112e+00 
 6.00000000e-06  1.66296836e+00 
 7.00000000e-06  1.66298568e+00 
 8.00000000e-06  1.66300310e+00 
 9.00000000e-06  1.66302061e+00 
 1.00000000e-05  1.66303821e+00 
 1.10000000e-05  1.66305590e+00 
 1.20000000e-05  1.66307368e+00 
 1.30000000e-05  1.66309156e+00 
 1.40000000e-05  1.66310952e+00 
 1.50000000e-05  1.66312758e+00 
 1.60000000e-05  1.66314574e+00 
 1.70000000e-05  1.66316398e+00 
 1.80000000e-05  1.66318232e+00 
 1.90000000e-05  1.66320076e+00 
 2.00000000e-05  1.66321929e+00 
 2.10000000e-05  1.66323791e+00 
 2.20000000e-05  1.66325663e+00 
 2.30000000e-05  1.66327545e+00 
 2.40000000e-05  1.66329436e+00 
 2.50000000e-05  1.66331336e+00 
 2.60000000e-05  1.66333247e+00 
 2.70000000e-05  1.66335167e+00 
 2.80000000e-05  1.66337097e+00 
 2.90000000e-05  1.66339036e+00 
 3.00000000e-05  1.66340986e+00 
 3.10000000e-05  1.66342945e+00 
 3.20000000e-05  1.66344914e+00 
 3.30000000e-05  1.66346893e+00 
 3.40000000e-05  1.66348883e+00 
 3.50000000e-05  1.66350882e+00 
 3.60000000e-05  1.66352891e+00 
 3.70000000e-05  1.66354910e+00 
 3.80000000e-05  1.66356940e+00 
 3.90000000e-05  1.66358979e+00 
 4.00000000e-05  1.66361029e+00 
 4.10000000e-05  1.66363089e+00 
 4.20000000e-05  1.66365160e+00 
 4.30000000e-05  1.66367241e+00 
 4.40000000e-05  1.66369332e+00 
 4.50000000e-05  1.66371434e+00 
 4.60000000e-05  1.66373546e+00 
 4.70000000e-05  1.66375668e+00 
 4.80000000e-05  1.66377801e+00 
 4.90000000e-05  1.66379945e+00 
 5.00000000e-05  1.66382099e+00 
 0.00000000e+00  1.66285751e+00 
 1.00000000e-06  1.66451730e+00 
 2.00000000e-06  1.66618194e+00 
 3.00000000e-06  1.66785111e+00 
 4.00000000e-06  1.66952452e+00 
 5.00000000e-06  1.67120187e+00 
 6.00000000e-06  1.67288283e+00 
 7.00000000e-06  1.67456711e+00 
 8.00000000e-06  1.67625436e+00 
 9.00000000e-06  1.67794427e+00 
 1.00000000e-05  1.67963649e+00 
 1.10000000e-05  1.68133069e+00 
 1.20000000e-05  1.68302652e+00 
 1.30000000e-05  1.68472363e+00 
 1.40000000e-05  1.68642166e+00 
 1.50000000e-05  1.68812026e+00 
 1.60000000e-05  1.68981906e+00 
 1.70000000e-05  1.69151769e+00 
 1.80000000e-05  1.69321578e+00 
 1.90000000e-05  1.69491295e+00 
 2.00000000e-05  1.69660882e+00 
 2.10000000e-05  1.69830300e+00 
 2.20000000e-05  1.69999511e+00 
 2.30000000e-05  1.70168475e+00 
 2.40000000e-05  1.70337154e+00 
 2.50000000e-05  1.70505507e+00 
 2.60000000e-05  1.70673495e+00 
 2.70000000e-05  1.70841077e+00 
 2.80000000e-05  1.71008215e+00 
 2.90000000e-05  1.71174866e+00 
 3.00000000e-05  1.71340992e+00 
 3.10000000e-05  1.71506551e+00 
 3.20000000e-05  1.71671503e+00 
 3.30000000e-05  1.71835807e+00 
 3.40000000e-05  1.71999424e+00 
 3.50000000e-05  1.72162313e+00 
 3.60000000e-05  1.72324434e+00 
 3.70000000e-05  1.72485746e+00 
 3.80000000e-05  1.72646210e+00 
 3.90000000e-05  1.72805787e+00 
 4.00000000e-05  1.72964436e+00 
 4.10000000e-05  1.73122120e+00 
 4.20000000e-05  1.73278800e+00 
 4.30000000e-05  1.73434436e+00 
 4.40000000e-05  1.73588993e+00 
 4.50000000e-05  1.73742432e+00 
 4.60000000e-05  1.73894716e+00 
 4.70000000e-05  1.74045810e+00 
 4.80000000e-05  1.74195679e+00 
 4.90000000e-05  1.74344286e+00 
 5.00000000e-05  1.74491599e+00 
