 0.00000000e+00  1.61693863e+00 
 1.00000000e-06  1.61870798e+00 
 2.00000000e-06  1.62049750e+00 
 3.00000000e-06  1.62230657e+00 
 4.00000000e-06  1.62413447e+00 
 5.00000000e-06  1.62598046e+00 
 6.00000000e-06  1.62784378e+00 
 7.00000000e-06  1.62972361e+00 
 8.00000000e-06  1.63161913e+00 
 9.00000000e-06  1.63352946e+00 
 1.00000000e-05  1.63545371e+00 
 1.10000000e-05  1.63739095e+00 
 1.20000000e-05  1.63934024e+00 
 1.30000000e-05  1.64130060e+00 
 1.40000000e-05  1.64327103e+00 
 1.50000000e-05  1.64525050e+00 
 1.60000000e-05  1.64723796e+00 
 1.70000000e-05  1.64923235e+00 
 1.80000000e-05  1.65123257e+00 
 1.90000000e-05  1.65323753e+00 
 2.00000000e-05  1.65524610e+00 
 2.10000000e-05  1.65725715e+00 
 2.20000000e-05  1.65926952e+00 
 2.30000000e-05  1.66128207e+00 
 2.40000000e-05  1.66329362e+00 
 2.50000000e-05  1.66530300e+00 
 2.60000000e-05  1.66730904e+00 
 2.70000000e-05  1.66931054e+00 
 2.80000000e-05  1.67130634e+00 
 2.90000000e-05  1.67329526e+00 
 3.00000000e-05  1.67527611e+00 
 3.10000000e-05  1.67724773e+00 
 3.20000000e-05  1.67920896e+00 
 3.30000000e-05  1.68115865e+00 
 3.40000000e-05  1.68309567e+00 
 3.50000000e-05  1.68501888e+00 
 3.60000000e-05  1.68692719e+00 
 3.70000000e-05  1.68881952e+00 
 3.80000000e-05  1.69069479e+00 
 3.90000000e-05  1.69255198e+00 
 4.00000000e-05  1.69439006e+00 
 4.10000000e-05  1.69620806e+00 
 4.20000000e-05  1.69800503e+00 
 4.30000000e-05  1.69978003e+00 
 4.40000000e-05  1.70153219e+00 
 4.50000000e-05  1.70326065e+00 
 4.60000000e-05  1.70496460e+00 
 4.70000000e-05  1.70664327e+00 
 4.80000000e-05  1.70829593e+00 
 4.90000000e-05  1.70992188e+00 
 5.00000000e-05  1.71152048e+00 
 0.00000000e+00  1.66530435e+00 
 1.00000000e-06  1.66719977e+00 
 2.00000000e-06  1.66909398e+00 
 3.00000000e-06  1.67098462e+00 
 4.00000000e-06  1.67287069e+00 
 5.00000000e-06  1.67475117e+00 
 6.00000000e-06  1.67662507e+00 
 7.00000000e-06  1.67849137e+00 
 8.00000000e-06  1.68034908e+00 
 9.00000000e-06  1.68219720e+00 
 1.00000000e-05  1.68403474e+00 
 1.10000000e-05  1.68586073e+00 
 1.20000000e-05  1.68767419e+00 
 1.30000000e-05  1.68947417e+00 
 1.40000000e-05  1.69125973e+00 
 1.50000000e-05  1.69302994e+00 
 1.60000000e-05  1.69478390e+00 
 1.70000000e-05  1.69652072e+00 
 1.80000000e-05  1.69823953e+00 
 1.90000000e-05  1.69993950e+00 
 2.00000000e-05  1.70161980e+00 
 2.10000000e-05  1.70327964e+00 
 2.20000000e-05  1.70491827e+00 
 2.30000000e-05  1.70653494e+00 
 2.40000000e-05  1.70812896e+00 
 2.50000000e-05  1.70969967e+00 
 2.60000000e-05  1.71124641e+00 
 2.70000000e-05  1.71276860e+00 
 2.80000000e-05  1.71426567e+00 
 2.90000000e-05  1.71573709e+00 
 3.00000000e-05  1.71718238e+00 
 3.10000000e-05  1.71860108e+00 
 3.20000000e-05  1.71999279e+00 
 3.30000000e-05  1.72135713e+00 
 3.40000000e-05  1.72269378e+00 
 3.50000000e-05  1.72400245e+00 
 3.60000000e-05  1.72528289e+00 
 3.70000000e-05  1.72653490e+00 
 3.80000000e-05  1.72775830e+00 
 3.90000000e-05  1.72895299e+00 
 4.00000000e-05  1.73011887e+00 
 4.10000000e-05  1.73125591e+00 
 4.20000000e-05  1.73236409e+00 
 4.30000000e-05  1.73344347e+00 
 4.40000000e-05  1.73449410e+00 
 4.50000000e-05  1.73551610e+00 
 4.60000000e-05  1.73650961e+00 
 4.70000000e-05  1.73747483e+00 
 4.80000000e-05  1.73841196e+00 
 4.90000000e-05  1.73932125e+00 
 5.00000000e-05  1.74020299e+00 
 0.00000000e+00  1.71152048e+00 
 1.00000000e-06  1.71295287e+00 
 2.00000000e-06  1.71436396e+00 
 3.00000000e-06  1.71575326e+00 
 4.00000000e-06  1.71712031e+00 
 5.00000000e-06  1.71846467e+00 
 6.00000000e-06  1.71978595e+00 
 7.00000000e-06  1.72108378e+00 
 8.00000000e-06  1.72235782e+00 
 9.00000000e-06  1.72360776e+00 
 1.00000000e-05  1.72483333e+00 
 1.10000000e-05  1.72603428e+00 
 1.20000000e-05  1.72721040e+00 
 1.30000000e-05  1.72836151e+00 
 1.40000000e-05  1.72948747e+00 
 1.50000000e-05  1.73058816e+00 
 1.60000000e-05  1.73166350e+00 
 1.70000000e-05  1.73271345e+00 
 1.80000000e-05  1.73373798e+00 
 1.90000000e-05  1.73473711e+00 
 2.00000000e-05  1.73571088e+00 
 2.10000000e-05  1.73665937e+00 
 2.20000000e-05  1.73758268e+00 
 2.30000000e-05  1.73848094e+00 
 2.40000000e-05  1.73935431e+00 
 2.50000000e-05  1.74020299e+00 
 2.60000000e-05  1.74102717e+00 
 2.70000000e-05  1.74182711e+00 
 2.80000000e-05  1.74260306e+00 
 2.90000000e-05  1.74335530e+00 
 3.00000000e-05  1.74408414e+00 
 3.10000000e-05  1.74478991e+00 
 3.20000000e-05  1.74547295e+00 
 3.30000000e-05  1.74613362e+00 
 3.40000000e-05  1.74677229e+00 
 3.50000000e-05  1.74738937e+00 
 3.60000000e-05  1.74798526e+00 
 3.70000000e-05  1.74856037e+00 
 3.80000000e-05  1.74911515e+00 
 3.90000000e-05  1.74965002e+00 
 4.00000000e-05  1.75016543e+00 
 4.10000000e-05  1.75066185e+00 
 4.20000000e-05  1.75113973e+00 
 4.30000000e-05  1.75159955e+00 
 4.40000000e-05  1.75204177e+00 
 4.50000000e-05  1.75246686e+00 
 4.60000000e-05  1.75287530e+00 
 4.70000000e-05  1.75326756e+00 
 4.80000000e-05  1.75364413e+00 
 4.90000000e-05  1.75400547e+00 
 5.00000000e-05  1.75435205e+00 
