 1.45000000e+00  1.48144297e+00 
 1.46000000e+00  1.48246002e+00 
 1.47000000e+00  1.48377094e+00 
 1.48000000e+00  1.48517154e+00 
 1.49000000e+00  1.48673988e+00 
 1.50000000e+00  1.48848342e+00 
 1.51000000e+00  1.49040717e+00 
 1.52000000e+00  1.49251470e+00 
 1.53000000e+00  1.49480822e+00 
 1.54000000e+00  1.49728884e+00 
 1.55000000e+00  1.49995681e+00 
 1.56000000e+00  1.50281190e+00 
 1.57000000e+00  1.50585375e+00 
 1.58000000e+00  1.50908216e+00 
 1.59000000e+00  1.51249743e+00 
 1.60000000e+00  1.51610060e+00 
 1.61000000e+00  1.51989361e+00 
 1.62000000e+00  1.52387946e+00 
 1.63000000e+00  1.52806221e+00 
 1.64000000e+00  1.53244697e+00 
 1.65000000e+00  1.53703979e+00 
 1.66000000e+00  1.54184741e+00 
 1.67000000e+00  1.54687698e+00 
 1.68000000e+00  1.55213564e+00 
 1.69000000e+00  1.55762995e+00 
 1.70000000e+00  1.56336527e+00 
 1.71000000e+00  1.56934492e+00 
 1.72000000e+00  1.57556922e+00 
 1.73000000e+00  1.58203449e+00 
 1.74000000e+00  1.58873179e+00 
 1.75000000e+00  1.59564579e+00 
 1.76000000e+00  1.60275357e+00 
 1.77000000e+00  1.61002361e+00 
 1.78000000e+00  1.61741507e+00 
 1.79000000e+00  1.62487760e+00 
 1.80000000e+00  1.63235171e+00 
 1.81000000e+00  1.63977004e+00 
 1.82000000e+00  1.64705941e+00 
 1.83000000e+00  1.65414383e+00 
 1.84000000e+00  1.66094815e+00 
 1.85000000e+00  1.66740211e+00 
 1.45000000e+00  1.48377160e+00 
 1.46000000e+00  1.48496290e+00 
 1.47000000e+00  1.48649155e+00 
 1.48000000e+00  1.48812145e+00 
 1.49000000e+00  1.48994105e+00 
 1.50000000e+00  1.49195727e+00 
 1.51000000e+00  1.49417407e+00 
 1.52000000e+00  1.49659362e+00 
 1.53000000e+00  1.49921646e+00 
 1.54000000e+00  1.50204175e+00 
 1.55000000e+00  1.50506773e+00 
 1.56000000e+00  1.50829208e+00 
 1.57000000e+00  1.51171235e+00 
 1.58000000e+00  1.51532636e+00 
 1.59000000e+00  1.51913250e+00 
 1.60000000e+00  1.52313003e+00 
 1.61000000e+00  1.52731925e+00 
 1.62000000e+00  1.53170160e+00 
 1.63000000e+00  1.53627968e+00 
 1.64000000e+00  1.54105719e+00 
 1.65000000e+00  1.54603878e+00 
 1.66000000e+00  1.55122975e+00 
 1.67000000e+00  1.55663576e+00 
 1.68000000e+00  1.56226230e+00 
 1.69000000e+00  1.56811416e+00 
 1.70000000e+00  1.57419470e+00 
 1.71000000e+00  1.58050505e+00 
 1.72000000e+00  1.58704314e+00 
 1.73000000e+00  1.59380264e+00 
 1.74000000e+00  1.60077186e+00 
 1.75000000e+00  1.60793261e+00 
 1.76000000e+00  1.61525912e+00 
 1.77000000e+00  1.62271723e+00 
 1.78000000e+00  1.63026381e+00 
 1.79000000e+00  1.63784678e+00 
 1.80000000e+00  1.64540570e+00 
 1.81000000e+00  1.65287323e+00 
 1.82000000e+00  1.66017735e+00 
 1.83000000e+00  1.66724442e+00 
 1.84000000e+00  1.67400275e+00 
 1.85000000e+00  1.68038656e+00 
 1.45000000e+00  1.48673881e+00 
 1.46000000e+00  1.48814608e+00 
 1.47000000e+00  1.48994031e+00 
 1.48000000e+00  1.49184890e+00 
 1.49000000e+00  1.49397194e+00 
 1.50000000e+00  1.49631525e+00 
 1.51000000e+00  1.49888104e+00 
 1.52000000e+00  1.50166936e+00 
 1.53000000e+00  1.50467830e+00 
 1.54000000e+00  1.50790440e+00 
 1.55000000e+00  1.51134316e+00 
 1.56000000e+00  1.51498957e+00 
 1.57000000e+00  1.51883854e+00 
 1.58000000e+00  1.52288542e+00 
 1.59000000e+00  1.52712630e+00 
 1.60000000e+00  1.53155830e+00 
 1.61000000e+00  1.53617978e+00 
 1.62000000e+00  1.54099039e+00 
 1.63000000e+00  1.54599106e+00 
 1.64000000e+00  1.55118389e+00 
 1.65000000e+00  1.55657195e+00 
 1.66000000e+00  1.56215895e+00 
 1.67000000e+00  1.56794886e+00 
 1.68000000e+00  1.57394541e+00 
 1.69000000e+00  1.58015141e+00 
 1.70000000e+00  1.58656813e+00 
 1.71000000e+00  1.59319435e+00 
 1.72000000e+00  1.60002548e+00 
 1.73000000e+00  1.60705254e+00 
 1.74000000e+00  1.61426105e+00 
 1.75000000e+00  1.62163005e+00 
 1.76000000e+00  1.62913117e+00 
 1.77000000e+00  1.63672789e+00 
 1.78000000e+00  1.64437527e+00 
 1.79000000e+00  1.65202014e+00 
 1.80000000e+00  1.65960192e+00 
 1.81000000e+00  1.66705424e+00 
 1.82000000e+00  1.67430731e+00 
 1.83000000e+00  1.68129094e+00 
 1.84000000e+00  1.68793813e+00 
 1.85000000e+00  1.69418867e+00 
 1.45000000e+00  1.49040720e+00 
 1.46000000e+00  1.49206757e+00 
 1.47000000e+00  1.49417322e+00 
 1.48000000e+00  1.49640670e+00 
 1.49000000e+00  1.49888097e+00 
 1.50000000e+00  1.50159991e+00 
 1.51000000e+00  1.50456319e+00 
 1.52000000e+00  1.50776790e+00 
 1.53000000e+00  1.51120888e+00 
 1.54000000e+00  1.51487933e+00 
 1.55000000e+00  1.51877137e+00 
 1.56000000e+00  1.52287671e+00 
 1.57000000e+00  1.52718719e+00 
 1.58000000e+00  1.53169529e+00 
 1.59000000e+00  1.53639453e+00 
 1.60000000e+00  1.54127968e+00 
 1.61000000e+00  1.54634700e+00 
 1.62000000e+00  1.55159423e+00 
 1.63000000e+00  1.55702053e+00 
 1.64000000e+00  1.56262635e+00 
 1.65000000e+00  1.56841312e+00 
 1.66000000e+00  1.57438290e+00 
 1.67000000e+00  1.58053797e+00 
 1.68000000e+00  1.58688022e+00 
 1.69000000e+00  1.59341052e+00 
 1.70000000e+00  1.60012799e+00 
 1.71000000e+00  1.60702913e+00 
 1.72000000e+00  1.61410692e+00 
 1.73000000e+00  1.62134982e+00 
 1.74000000e+00  1.62874083e+00 
 1.75000000e+00  1.63625654e+00 
 1.76000000e+00  1.64386636e+00 
 1.77000000e+00  1.65153203e+00 
 1.78000000e+00  1.65920751e+00 
 1.79000000e+00  1.66683937e+00 
 1.80000000e+00  1.67436786e+00 
 1.81000000e+00  1.68172865e+00 
 1.82000000e+00  1.68885530e+00 
 1.83000000e+00  1.69568223e+00 
 1.84000000e+00  1.70214814e+00 
 1.85000000e+00  1.70819936e+00 
 1.45000000e+00  1.49480823e+00 
 1.46000000e+00  1.49675902e+00 
 1.47000000e+00  1.49921553e+00 
 1.48000000e+00  1.50181330e+00 
 1.49000000e+00  1.50467821e+00 
 1.50000000e+00  1.50781131e+00 
 1.51000000e+00  1.51120886e+00 
 1.52000000e+00  1.51486419e+00 
 1.53000000e+00  1.51876816e+00 
 1.54000000e+00  1.52290995e+00 
 1.55000000e+00  1.52727779e+00 
 1.56000000e+00  1.53185972e+00 
 1.57000000e+00  1.53664420e+00 
 1.58000000e+00  1.54162067e+00 
 1.59000000e+00  1.54677991e+00 
 1.60000000e+00  1.55211434e+00 
 1.61000000e+00  1.55761810e+00 
 1.62000000e+00  1.56328704e+00 
 1.63000000e+00  1.56911864e+00 
 1.64000000e+00  1.57511172e+00 
 1.65000000e+00  1.58126618e+00 
 1.66000000e+00  1.58758252e+00 
 1.67000000e+00  1.59406137e+00 
 1.68000000e+00  1.60070292e+00 
 1.69000000e+00  1.60750619e+00 
 1.70000000e+00  1.61446831e+00 
 1.71000000e+00  1.62158366e+00 
 1.72000000e+00  1.62884303e+00 
 1.73000000e+00  1.63623266e+00 
 1.74000000e+00  1.64373339e+00 
 1.75000000e+00  1.65131984e+00 
 1.76000000e+00  1.65895986e+00 
 1.77000000e+00  1.66661416e+00 
 1.78000000e+00  1.67423641e+00 
 1.79000000e+00  1.68177389e+00 
 1.80000000e+00  1.68916870e+00 
 1.81000000e+00  1.69635962e+00 
 1.82000000e+00  1.70328456e+00 
 1.83000000e+00  1.70988356e+00 
 1.84000000e+00  1.71610183e+00 
 1.85000000e+00  1.72189289e+00 
 1.45000000e+00  1.49995682e+00 
 1.46000000e+00  1.50222824e+00 
 1.47000000e+00  1.50506677e+00 
 1.48000000e+00  1.50805894e+00 
 1.49000000e+00  1.51134308e+00 
 1.50000000e+00  1.51491654e+00 
 1.51000000e+00  1.51877136e+00 
 1.52000000e+00  1.52289635e+00 
 1.53000000e+00  1.52727780e+00 
 1.54000000e+00  1.53190041e+00 
 1.55000000e+00  1.53674819e+00 
 1.56000000e+00  1.54180528e+00 
 1.57000000e+00  1.54705667e+00 
 1.58000000e+00  1.55248874e+00 
 1.59000000e+00  1.55808964e+00 
 1.60000000e+00  1.56384951e+00 
 1.61000000e+00  1.56976052e+00 
 1.62000000e+00  1.57581685e+00 
 1.63000000e+00  1.58201441e+00 
 1.64000000e+00  1.58835064e+00 
 1.65000000e+00  1.59482403e+00 
 1.66000000e+00  1.60143373e+00 
 1.67000000e+00  1.60817892e+00 
 1.68000000e+00  1.61505827e+00 
 1.69000000e+00  1.62206915e+00 
 1.70000000e+00  1.62920696e+00 
 1.71000000e+00  1.63646428e+00 
 1.72000000e+00  1.64383002e+00 
 1.73000000e+00  1.65128864e+00 
 1.74000000e+00  1.65881931e+00 
 1.75000000e+00  1.66639533e+00 
 1.76000000e+00  1.67398363e+00 
 1.77000000e+00  1.68154470e+00 
 1.78000000e+00  1.68903282e+00 
 1.79000000e+00  1.69639692e+00 
 1.80000000e+00  1.70358190e+00 
 1.81000000e+00  1.71053057e+00 
 1.82000000e+00  1.71718612e+00 
 1.83000000e+00  1.72349485e+00 
 1.84000000e+00  1.72940908e+00 
 1.85000000e+00  1.73488982e+00 
 1.45000000e+00  1.50585379e+00 
 1.46000000e+00  1.50846913e+00 
 1.47000000e+00  1.51171140e+00 
 1.48000000e+00  1.51511793e+00 
 1.49000000e+00  1.51883848e+00 
 1.50000000e+00  1.52286587e+00 
 1.51000000e+00  1.52718720e+00 
 1.52000000e+00  1.53178622e+00 
 1.53000000e+00  1.53664423e+00 
 1.54000000e+00  1.54174117e+00 
 1.55000000e+00  1.54705668e+00 
 1.56000000e+00  1.55257103e+00 
 1.57000000e+00  1.55826581e+00 
 1.58000000e+00  1.56412453e+00 
 1.59000000e+00  1.57013290e+00 
 1.60000000e+00  1.57627904e+00 
 1.61000000e+00  1.58255345e+00 
 1.62000000e+00  1.58894885e+00 
 1.63000000e+00  1.59545990e+00 
 1.64000000e+00  1.60208287e+00 
 1.65000000e+00  1.60881515e+00 
 1.66000000e+00  1.61565474e+00 
 1.67000000e+00  1.62259965e+00 
 1.68000000e+00  1.62964725e+00 
 1.69000000e+00  1.63679358e+00 
 1.70000000e+00  1.64403262e+00 
 1.71000000e+00  1.65135548e+00 
 1.72000000e+00  1.65874964e+00 
 1.73000000e+00  1.66619823e+00 
 1.74000000e+00  1.67367935e+00 
 1.75000000e+00  1.68116558e+00 
 1.76000000e+00  1.68862370e+00 
 1.77000000e+00  1.69601475e+00 
 1.78000000e+00  1.70329447e+00 
 1.79000000e+00  1.71041430e+00 
 1.80000000e+00  1.71732276e+00 
 1.81000000e+00  1.72396750e+00 
 1.82000000e+00  1.73029757e+00 
 1.83000000e+00  1.73626604e+00 
 1.84000000e+00  1.74183257e+00 
 1.85000000e+00  1.74696566e+00 
 1.45000000e+00  1.51249583e+00 
 1.46000000e+00  1.51547328e+00 
 1.47000000e+00  1.51913156e+00 
 1.48000000e+00  1.52296275e+00 
 1.49000000e+00  1.52712626e+00 
 1.50000000e+00  1.53160964e+00 
 1.51000000e+00  1.53639456e+00 
 1.52000000e+00  1.54145931e+00 
 1.53000000e+00  1.54677995e+00 
 1.54000000e+00  1.55233162e+00 
 1.55000000e+00  1.55808966e+00 
 1.56000000e+00  1.56403060e+00 
 1.57000000e+00  1.57013291e+00 
 1.58000000e+00  1.57637749e+00 
 1.59000000e+00  1.58274798e+00 
 1.60000000e+00  1.58923082e+00 
 1.61000000e+00  1.59581516e+00 
 1.62000000e+00  1.60249261e+00 
 1.63000000e+00  1.60925690e+00 
 1.64000000e+00  1.61610343e+00 
 1.65000000e+00  1.62302875e+00 
 1.66000000e+00  1.63003002e+00 
 1.67000000e+00  1.63710434e+00 
 1.68000000e+00  1.64424811e+00 
 1.69000000e+00  1.65145633e+00 
 1.70000000e+00  1.65872188e+00 
 1.71000000e+00  1.66603483e+00 
 1.72000000e+00  1.67338165e+00 
 1.73000000e+00  1.68074468e+00 
 1.74000000e+00  1.68810150e+00 
 1.75000000e+00  1.69542462e+00 
 1.76000000e+00  1.70268137e+00 
 1.77000000e+00  1.70983410e+00 
 1.78000000e+00  1.71684077e+00 
 1.79000000e+00  1.72365606e+00 
 1.80000000e+00  1.73023284e+00 
 1.81000000e+00  1.73652411e+00 
 1.82000000e+00  1.74248523e+00 
 1.83000000e+00  1.74807624e+00 
 1.84000000e+00  1.75326413e+00 
 1.85000000e+00  1.75802465e+00 
 1.45000000e+00  1.51989364e+00 
 1.46000000e+00  1.52323928e+00 
 1.47000000e+00  1.52731840e+00 
 1.48000000e+00  1.53157596e+00 
 1.49000000e+00  1.53617976e+00 
 1.50000000e+00  1.54111151e+00 
 1.51000000e+00  1.54634704e+00 
 1.52000000e+00  1.55185899e+00 
 1.53000000e+00  1.55761815e+00 
 1.54000000e+00  1.56359491e+00 
 1.55000000e+00  1.56976055e+00 
 1.56000000e+00  1.57608817e+00 
 1.57000000e+00  1.58255346e+00 
 1.58000000e+00  1.58913514e+00 
 1.59000000e+00  1.59581516e+00 
 1.60000000e+00  1.60257868e+00 
 1.61000000e+00  1.60941388e+00 
 1.62000000e+00  1.61631163e+00 
 1.63000000e+00  1.62326505e+00 
 1.64000000e+00  1.63026900e+00 
 1.65000000e+00  1.63731950e+00 
 1.66000000e+00  1.64441314e+00 
 1.67000000e+00  1.65154641e+00 
 1.68000000e+00  1.65871504e+00 
 1.69000000e+00  1.66591331e+00 
 1.70000000e+00  1.67313341e+00 
 1.71000000e+00  1.68036470e+00 
 1.72000000e+00  1.68759316e+00 
 1.73000000e+00  1.69480079e+00 
 1.74000000e+00  1.70196526e+00 
 1.75000000e+00  1.70905962e+00 
 1.76000000e+00  1.71605240e+00 
 1.77000000e+00  1.72290794e+00 
 1.78000000e+00  1.72958709e+00 
 1.79000000e+00  1.73604839e+00 
 1.80000000e+00  1.74224957e+00 
 1.81000000e+00  1.74814940e+00 
 1.82000000e+00  1.75370972e+00 
 1.83000000e+00  1.75889756e+00 
 1.84000000e+00  1.76368698e+00 
 1.85000000e+00  1.76806057e+00 
 1.45000000e+00  1.52806230e+00 
 1.46000000e+00  1.53178190e+00 
 1.47000000e+00  1.53627890e+00 
 1.48000000e+00  1.54095733e+00 
 1.49000000e+00  1.54599105e+00 
 1.50000000e+00  1.55135554e+00 
 1.51000000e+00  1.55702058e+00 
 1.52000000e+00  1.56295309e+00 
 1.53000000e+00  1.56911869e+00 
 1.54000000e+00  1.57548330e+00 
 1.55000000e+00  1.58201443e+00 
 1.56000000e+00  1.58868218e+00 
 1.57000000e+00  1.59545990e+00 
 1.58000000e+00  1.60232457e+00 
 1.59000000e+00  1.60925689e+00 
 1.60000000e+00  1.61624118e+00 
 1.61000000e+00  1.62326504e+00 
 1.62000000e+00  1.63031898e+00 
 1.63000000e+00  1.63739584e+00 
 1.64000000e+00  1.64449025e+00 
 1.65000000e+00  1.65159801e+00 
 1.66000000e+00  1.65871543e+00 
 1.67000000e+00  1.66583869e+00 
 1.68000000e+00  1.67296315e+00 
 1.69000000e+00  1.68008273e+00 
 1.70000000e+00  1.68718923e+00 
 1.71000000e+00  1.69427177e+00 
 1.72000000e+00  1.70131624e+00 
 1.73000000e+00  1.70830484e+00 
 1.74000000e+00  1.71521584e+00 
 1.75000000e+00  1.72202344e+00 
 1.76000000e+00  1.72869797e+00 
 1.77000000e+00  1.73520634e+00 
 1.78000000e+00  1.74151289e+00 
 1.79000000e+00  1.74758049e+00 
 1.80000000e+00  1.75337210e+00 
 1.81000000e+00  1.75885247e+00 
 1.82000000e+00  1.76398997e+00 
 1.83000000e+00  1.76875840e+00 
 1.84000000e+00  1.77313853e+00 
 1.85000000e+00  1.77711918e+00 
 1.45000000e+00  1.53703359e+00 
 1.46000000e+00  1.54113331e+00 
 1.47000000e+00  1.54603798e+00 
 1.48000000e+00  1.55112542e+00 
 1.49000000e+00  1.55657196e+00 
 1.50000000e+00  1.56234665e+00 
 1.51000000e+00  1.56841317e+00 
 1.52000000e+00  1.57473279e+00 
 1.53000000e+00  1.58126622e+00 
 1.54000000e+00  1.58797525e+00 
 1.55000000e+00  1.59482405e+00 
 1.56000000e+00  1.60178018e+00 
 1.57000000e+00  1.60881515e+00 
 1.58000000e+00  1.61590469e+00 
 1.59000000e+00  1.62302874e+00 
 1.60000000e+00  1.63017119e+00 
 1.61000000e+00  1.63731949e+00 
 1.62000000e+00  1.64446412e+00 
 1.63000000e+00  1.65159800e+00 
 1.64000000e+00  1.65871586e+00 
 1.65000000e+00  1.66581355e+00 
 1.66000000e+00  1.67288741e+00 
 1.67000000e+00  1.67993358e+00 
 1.68000000e+00  1.68694739e+00 
 1.69000000e+00  1.69392268e+00 
 1.70000000e+00  1.70085130e+00 
 1.71000000e+00  1.70772248e+00 
 1.72000000e+00  1.71452247e+00 
 1.73000000e+00  1.72123418e+00 
 1.74000000e+00  1.72783697e+00 
 1.75000000e+00  1.73430674e+00 
 1.76000000e+00  1.74061616e+00 
 1.77000000e+00  1.74673527e+00 
 1.78000000e+00  1.75263229e+00 
 1.79000000e+00  1.75827484e+00 
 1.80000000e+00  1.76363133e+00 
 1.81000000e+00  1.76867253e+00 
 1.82000000e+00  1.77337323e+00 
 1.83000000e+00  1.77771365e+00 
 1.84000000e+00  1.78168075e+00 
 1.85000000e+00  1.78526892e+00 
 1.45000000e+00  1.54686942e+00 
 1.46000000e+00  1.55133720e+00 
 1.47000000e+00  1.55663504e+00 
 1.48000000e+00  1.56211315e+00 
 1.49000000e+00  1.56794889e+00 
 1.50000000e+00  1.57410465e+00 
 1.51000000e+00  1.58053803e+00 
 1.52000000e+00  1.58720491e+00 
 1.53000000e+00  1.59406142e+00 
 1.54000000e+00  1.60106563e+00 
 1.55000000e+00  1.60817893e+00 
 1.56000000e+00  1.61536687e+00 
 1.57000000e+00  1.62259963e+00 
 1.58000000e+00  1.62985224e+00 
 1.59000000e+00  1.63710432e+00 
 1.60000000e+00  1.64433981e+00 
 1.61000000e+00  1.65154639e+00 
 1.62000000e+00  1.65871490e+00 
 1.63000000e+00  1.66583868e+00 
 1.64000000e+00  1.67291282e+00 
 1.65000000e+00  1.67993357e+00 
 1.66000000e+00  1.68689756e+00 
 1.67000000e+00  1.69380123e+00 
 1.68000000e+00  1.70064013e+00 
 1.69000000e+00  1.70740842e+00 
 1.70000000e+00  1.71409830e+00 
 1.71000000e+00  1.72069955e+00 
 1.72000000e+00  1.72719922e+00 
 1.73000000e+00  1.73358134e+00 
 1.74000000e+00  1.73982692e+00 
 1.75000000e+00  1.74591402e+00 
 1.76000000e+00  1.75181814e+00 
 1.77000000e+00  1.75751285e+00 
 1.78000000e+00  1.76297066e+00 
 1.79000000e+00  1.76816414e+00 
 1.80000000e+00  1.77306725e+00 
 1.81000000e+00  1.77765670e+00 
 1.82000000e+00  1.78191339e+00 
 1.83000000e+00  1.78582355e+00 
 1.84000000e+00  1.78937965e+00 
 1.85000000e+00  1.79258093e+00 
 1.45000000e+00  1.55763000e+00 
 1.46000000e+00  1.56244283e+00 
 1.47000000e+00  1.56811372e+00 
 1.48000000e+00  1.57395721e+00 
 1.49000000e+00  1.58015145e+00 
 1.50000000e+00  1.58665201e+00 
 1.51000000e+00  1.59341059e+00 
 1.52000000e+00  1.60037799e+00 
 1.53000000e+00  1.60750623e+00 
 1.54000000e+00  1.61475024e+00 
 1.55000000e+00  1.62206915e+00 
 1.56000000e+00  1.62942711e+00 
 1.57000000e+00  1.63679357e+00 
 1.58000000e+00  1.64414335e+00 
 1.59000000e+00  1.65145630e+00 
 1.60000000e+00  1.65871683e+00 
 1.61000000e+00  1.66591329e+00 
 1.62000000e+00  1.67303722e+00 
 1.63000000e+00  1.68008270e+00 
 1.64000000e+00  1.68704556e+00 
 1.65000000e+00  1.69392267e+00 
 1.66000000e+00  1.70071129e+00 
 1.67000000e+00  1.70740841e+00 
 1.68000000e+00  1.71401019e+00 
 1.69000000e+00  1.72051139e+00 
 1.70000000e+00  1.72690494e+00 
 1.71000000e+00  1.73318157e+00 
 1.72000000e+00  1.73932954e+00 
 1.73000000e+00  1.74533447e+00 
 1.74000000e+00  1.75117942e+00 
 1.75000000e+00  1.75684508e+00 
 1.76000000e+00  1.76231017e+00 
 1.77000000e+00  1.76755213e+00 
 1.78000000e+00  1.77254799e+00 
 1.79000000e+00  1.77727537e+00 
 1.80000000e+00  1.78171371e+00 
 1.81000000e+00  1.78584547e+00 
 1.82000000e+00  1.78965721e+00 
 1.83000000e+00  1.79314058e+00 
 1.84000000e+00  1.79629289e+00 
 1.85000000e+00  1.79911740e+00 
 1.45000000e+00  1.56934468e+00 
 1.46000000e+00  1.57449247e+00 
 1.47000000e+00  1.58050477e+00 
 1.48000000e+00  1.58668058e+00 
 1.49000000e+00  1.59319441e+00 
 1.50000000e+00  1.59999522e+00 
 1.51000000e+00  1.60702920e+00 
 1.52000000e+00  1.61424254e+00 
 1.53000000e+00  1.62158370e+00 
 1.54000000e+00  1.62900509e+00 
 1.55000000e+00  1.63646428e+00 
 1.56000000e+00  1.64392462e+00 
 1.57000000e+00  1.65135546e+00 
 1.58000000e+00  1.65873199e+00 
 1.59000000e+00  1.66603479e+00 
 1.60000000e+00  1.67324922e+00 
 1.61000000e+00  1.68036467e+00 
 1.62000000e+00  1.68737379e+00 
 1.63000000e+00  1.69427173e+00 
 1.64000000e+00  1.70105534e+00 
 1.65000000e+00  1.70772245e+00 
 1.66000000e+00  1.71427122e+00 
 1.67000000e+00  1.72069953e+00 
 1.68000000e+00  1.72700440e+00 
 1.69000000e+00  1.73318156e+00 
 1.70000000e+00  1.73922504e+00 
 1.71000000e+00  1.74512688e+00 
 1.72000000e+00  1.75087693e+00 
 1.73000000e+00  1.75646283e+00 
 1.74000000e+00  1.76187006e+00 
 1.75000000e+00  1.76708229e+00 
 1.76000000e+00  1.77208178e+00 
 1.77000000e+00  1.77685005e+00 
 1.78000000e+00  1.78136871e+00 
 1.79000000e+00  1.78562042e+00 
 1.80000000e+00  1.78958989e+00 
 1.81000000e+00  1.79326490e+00 
 1.82000000e+00  1.79663717e+00 
 1.83000000e+00  1.79970306e+00 
 1.84000000e+00  1.80246395e+00 
 1.85000000e+00  1.80492628e+00 
 1.45000000e+00  1.58203479e+00 
 1.46000000e+00  1.58748836e+00 
 1.47000000e+00  1.59380253e+00 
 1.48000000e+00  1.60026783e+00 
 1.49000000e+00  1.60705261e+00 
 1.50000000e+00  1.61409960e+00 
 1.51000000e+00  1.62134989e+00 
 1.52000000e+00  1.62874573e+00 
 1.53000000e+00  1.63623269e+00 
 1.54000000e+00  1.64376143e+00 
 1.55000000e+00  1.65128863e+00 
 1.56000000e+00  1.65877760e+00 
 1.57000000e+00  1.66619820e+00 
 1.58000000e+00  1.67352661e+00 
 1.59000000e+00  1.68074464e+00 
 1.60000000e+00  1.68783906e+00 
 1.61000000e+00  1.69480075e+00 
 1.62000000e+00  1.70162381e+00 
 1.63000000e+00  1.70830480e+00 
 1.64000000e+00  1.71484188e+00 
 1.65000000e+00  1.72123414e+00 
 1.66000000e+00  1.72748094e+00 
 1.67000000e+00  1.73358131e+00 
 1.68000000e+00  1.73953348e+00 
 1.69000000e+00  1.74533445e+00 
 1.70000000e+00  1.75097967e+00 
 1.71000000e+00  1.75646282e+00 
 1.72000000e+00  1.76177572e+00 
 1.73000000e+00  1.76690830e+00 
 1.74000000e+00  1.77184882e+00 
 1.75000000e+00  1.77658415e+00 
 1.76000000e+00  1.78110024e+00 
 1.77000000e+00  1.78538276e+00 
 1.78000000e+00  1.78941786e+00 
 1.79000000e+00  1.79319299e+00 
 1.80000000e+00  1.79669775e+00 
 1.81000000e+00  1.79992472e+00 
 1.82000000e+00  1.80287010e+00 
 1.83000000e+00  1.80553420e+00 
 1.84000000e+00  1.80792161e+00 
 1.85000000e+00  1.81004111e+00 
 1.45000000e+00  1.59564528e+00 
 1.46000000e+00  1.60136775e+00 
 1.47000000e+00  1.60793266e+00 
 1.48000000e+00  1.61463374e+00 
 1.49000000e+00  1.62163015e+00 
 1.50000000e+00  1.62885886e+00 
 1.51000000e+00  1.63625662e+00 
 1.52000000e+00  1.64376243e+00 
 1.53000000e+00  1.65131988e+00 
 1.54000000e+00  1.65887862e+00 
 1.55000000e+00  1.66639532e+00 
 1.56000000e+00  1.67383394e+00 
 1.57000000e+00  1.68116556e+00 
 1.58000000e+00  1.68836790e+00 
 1.59000000e+00  1.69542458e+00 
 1.60000000e+00  1.70232423e+00 
 1.61000000e+00  1.70905958e+00 
 1.62000000e+00  1.71562655e+00 
 1.63000000e+00  1.72202340e+00 
 1.64000000e+00  1.72824991e+00 
 1.65000000e+00  1.73430670e+00 
 1.66000000e+00  1.74019458e+00 
 1.67000000e+00  1.74591399e+00 
 1.68000000e+00  1.75146464e+00 
 1.69000000e+00  1.75684506e+00 
 1.70000000e+00  1.76205241e+00 
 1.71000000e+00  1.76708229e+00 
 1.72000000e+00  1.77192871e+00 
 1.73000000e+00  1.77658415e+00 
 1.74000000e+00  1.78103979e+00 
 1.75000000e+00  1.78528579e+00 
 1.76000000e+00  1.78931182e+00 
 1.77000000e+00  1.79310757e+00 
 1.78000000e+00  1.79666347e+00 
 1.79000000e+00  1.79997136e+00 
 1.80000000e+00  1.80302521e+00 
 1.81000000e+00  1.80582169e+00 
 1.82000000e+00  1.80836074e+00 
 1.83000000e+00  1.81064575e+00 
 1.84000000e+00  1.81268368e+00 
 1.85000000e+00  1.81448485e+00 
 1.45000000e+00  1.61002362e+00 
 1.46000000e+00  1.61596341e+00 
 1.47000000e+00  1.62271751e+00 
 1.48000000e+00  1.62958970e+00 
 1.49000000e+00  1.63672801e+00 
 1.50000000e+00  1.64406441e+00 
 1.51000000e+00  1.65153213e+00 
 1.52000000e+00  1.65906790e+00 
 1.53000000e+00  1.66661421e+00 
 1.54000000e+00  1.67412066e+00 
 1.55000000e+00  1.68154471e+00 
 1.56000000e+00  1.68885174e+00 
 1.57000000e+00  1.69601474e+00 
 1.58000000e+00  1.70301356e+00 
 1.59000000e+00  1.70983408e+00 
 1.60000000e+00  1.71646722e+00 
 1.61000000e+00  1.72290792e+00 
 1.62000000e+00  1.72915421e+00 
 1.63000000e+00  1.73520632e+00 
 1.64000000e+00  1.74106589e+00 
 1.65000000e+00  1.74673525e+00 
 1.66000000e+00  1.75221687e+00 
 1.67000000e+00  1.75751285e+00 
 1.68000000e+00  1.76262451e+00 
 1.69000000e+00  1.76755214e+00 
 1.70000000e+00  1.77229476e+00 
 1.71000000e+00  1.77685006e+00 
 1.72000000e+00  1.78121436e+00 
 1.73000000e+00  1.78538278e+00 
 1.74000000e+00  1.78934938e+00 
 1.75000000e+00  1.79310758e+00 
 1.76000000e+00  1.79665055e+00 
 1.77000000e+00  1.79997170e+00 
 1.78000000e+00  1.80306529e+00 
 1.79000000e+00  1.80592699e+00 
 1.80000000e+00  1.80855442e+00 
 1.81000000e+00  1.81094764e+00 
 1.82000000e+00  1.81310941e+00 
 1.83000000e+00  1.81504541e+00 
 1.84000000e+00  1.81676413e+00 
 1.85000000e+00  1.81827666e+00 
 1.45000000e+00  1.62487756e+00 
 1.46000000e+00  1.63097564e+00 
 1.47000000e+00  1.63784727e+00 
 1.48000000e+00  1.64481735e+00 
 1.49000000e+00  1.65202032e+00 
 1.50000000e+00  1.65938412e+00 
 1.51000000e+00  1.66683951e+00 
 1.52000000e+00  1.67432200e+00 
 1.53000000e+00  1.68177398e+00 
 1.54000000e+00  1.68914594e+00 
 1.55000000e+00  1.69639697e+00 
 1.56000000e+00  1.70349461e+00 
 1.57000000e+00  1.71041432e+00 
 1.58000000e+00  1.71713863e+00 
 1.59000000e+00  1.72365608e+00 
 1.60000000e+00  1.72996019e+00 
 1.61000000e+00  1.73604840e+00 
 1.62000000e+00  1.74192105e+00 
 1.63000000e+00  1.74758050e+00 
 1.64000000e+00  1.75303037e+00 
 1.65000000e+00  1.75827485e+00 
 1.66000000e+00  1.76331818e+00 
 1.67000000e+00  1.76816416e+00 
 1.68000000e+00  1.77281587e+00 
 1.69000000e+00  1.77727539e+00 
 1.70000000e+00  1.78154367e+00 
 1.71000000e+00  1.78562045e+00 
 1.72000000e+00  1.78950437e+00 
 1.73000000e+00  1.79319302e+00 
 1.74000000e+00  1.79668324e+00 
 1.75000000e+00  1.79997139e+00 
 1.76000000e+00  1.80305375e+00 
 1.77000000e+00  1.80592699e+00 
 1.78000000e+00  1.80858861e+00 
 1.79000000e+00  1.81103739e+00 
 1.80000000e+00  1.81327386e+00 
 1.81000000e+00  1.81530059e+00 
 1.82000000e+00  1.81712240e+00 
 1.83000000e+00  1.81874639e+00 
 1.84000000e+00  1.82018185e+00 
 1.85000000e+00  1.82144001e+00 
 1.45000000e+00  1.63977013e+00 
 1.46000000e+00  1.64596001e+00 
 1.47000000e+00  1.65287398e+00 
 1.48000000e+00  1.65986557e+00 
 1.49000000e+00  1.66705449e+00 
 1.50000000e+00  1.67436577e+00 
 1.51000000e+00  1.68172884e+00 
 1.52000000e+00  1.68907906e+00 
 1.53000000e+00  1.69635974e+00 
 1.54000000e+00  1.70352312e+00 
 1.55000000e+00  1.71053065e+00 
 1.56000000e+00  1.71735266e+00 
 1.57000000e+00  1.72396756e+00 
 1.58000000e+00  1.73036089e+00 
 1.59000000e+00  1.73652415e+00 
 1.60000000e+00  1.74245366e+00 
 1.61000000e+00  1.74814943e+00 
 1.62000000e+00  1.75361420e+00 
 1.63000000e+00  1.75885250e+00 
 1.64000000e+00  1.76386994e+00 
 1.65000000e+00  1.76867256e+00 
 1.66000000e+00  1.77326632e+00 
 1.67000000e+00  1.77765673e+00 
 1.68000000e+00  1.78184852e+00 
 1.69000000e+00  1.78584549e+00 
 1.70000000e+00  1.78965040e+00 
 1.71000000e+00  1.79326493e+00 
 1.72000000e+00  1.79668976e+00 
 1.73000000e+00  1.79992474e+00 
 1.74000000e+00  1.80296909e+00 
 1.75000000e+00  1.80582170e+00 
 1.76000000e+00  1.80848146e+00 
 1.77000000e+00  1.81094764e+00 
 1.78000000e+00  1.81322028e+00 
 1.79000000e+00  1.81530058e+00 
 1.80000000e+00  1.81719116e+00 
 1.81000000e+00  1.81889633e+00 
 1.82000000e+00  1.82042217e+00 
 1.83000000e+00  1.82177653e+00 
 1.84000000e+00  1.82296891e+00 
 1.85000000e+00  1.82401019e+00 
 1.45000000e+00  1.65414398e+00 
 1.46000000e+00  1.66036040e+00 
 1.47000000e+00  1.66724539e+00 
 1.48000000e+00  1.67418755e+00 
 1.49000000e+00  1.68129124e+00 
 1.50000000e+00  1.68847980e+00 
 1.51000000e+00  1.69568244e+00 
 1.52000000e+00  1.70283538e+00 
 1.53000000e+00  1.70988369e+00 
 1.54000000e+00  1.71678208e+00 
 1.55000000e+00  1.72349493e+00 
 1.56000000e+00  1.72999570e+00 
 1.57000000e+00  1.73626608e+00 
 1.58000000e+00  1.74229477e+00 
 1.59000000e+00  1.74807627e+00 
 1.60000000e+00  1.75360968e+00 
 1.61000000e+00  1.75889757e+00 
 1.62000000e+00  1.76394494e+00 
 1.63000000e+00  1.76875839e+00 
 1.64000000e+00  1.77334538e+00 
 1.65000000e+00  1.77771363e+00 
 1.66000000e+00  1.78187068e+00 
 1.67000000e+00  1.78582352e+00 
 1.68000000e+00  1.78957838e+00 
 1.69000000e+00  1.79314055e+00 
 1.70000000e+00  1.79651433e+00 
 1.71000000e+00  1.79970303e+00 
 1.72000000e+00  1.80270909e+00 
 1.73000000e+00  1.80553417e+00 
 1.74000000e+00  1.80817942e+00 
 1.75000000e+00  1.81064571e+00 
 1.76000000e+00  1.81293394e+00 
 1.77000000e+00  1.81504536e+00 
 1.78000000e+00  1.81698188e+00 
 1.79000000e+00  1.81874633e+00 
 1.80000000e+00  1.82034275e+00 
 1.81000000e+00  1.82177649e+00 
 1.82000000e+00  1.82305428e+00 
 1.83000000e+00  1.82418420e+00 
 1.84000000e+00  1.82517549e+00 
 1.85000000e+00  1.82603839e+00 
 1.45000000e+00  1.66740228e+00 
 1.46000000e+00  1.67358912e+00 
 1.47000000e+00  1.68038768e+00 
 1.48000000e+00  1.68722443e+00 
 1.49000000e+00  1.69418895e+00 
 1.50000000e+00  1.70120401e+00 
 1.51000000e+00  1.70819953e+00 
 1.52000000e+00  1.71511336e+00 
 1.53000000e+00  1.72189296e+00 
 1.54000000e+00  1.72849593e+00 
 1.55000000e+00  1.73488982e+00 
 1.56000000e+00  1.74105141e+00 
 1.57000000e+00  1.74696561e+00 
 1.58000000e+00  1.75262421e+00 
 1.59000000e+00  1.75802457e+00 
 1.60000000e+00  1.76316836e+00 
 1.61000000e+00  1.76806046e+00 
 1.62000000e+00  1.77270790e+00 
 1.63000000e+00  1.77711906e+00 
 1.64000000e+00  1.78130297e+00 
 1.65000000e+00  1.78526878e+00 
 1.66000000e+00  1.78902531e+00 
 1.67000000e+00  1.79258079e+00 
 1.68000000e+00  1.79594261e+00 
 1.69000000e+00  1.79911726e+00 
 1.70000000e+00  1.80211025e+00 
 1.71000000e+00  1.80492614e+00 
 1.72000000e+00  1.80756870e+00 
 1.73000000e+00  1.81004098e+00 
 1.74000000e+00  1.81234554e+00 
 1.75000000e+00  1.81448472e+00 
 1.76000000e+00  1.81646085e+00 
 1.77000000e+00  1.81827653e+00 
 1.78000000e+00  1.81993491e+00 
 1.79000000e+00  1.82143989e+00 
 1.80000000e+00  1.82279633e+00 
 1.81000000e+00  1.82401009e+00 
 1.82000000e+00  1.82508811e+00 
 1.83000000e+00  1.82603833e+00 
 1.84000000e+00  1.82686953e+00 
 1.85000000e+00  1.82759113e+00 
