 0.00000000e+00  1.65764383e+00 
 1.00000000e-06  1.65589455e+00 
 2.00000000e-06  1.65413696e+00 
 3.00000000e-06  1.65237183e+00 
 4.00000000e-06  1.65059995e+00 
 5.00000000e-06  1.64882213e+00 
 6.00000000e-06  1.64703919e+00 
 7.00000000e-06  1.64525197e+00 
 8.00000000e-06  1.64346132e+00 
 9.00000000e-06  1.64166808e+00 
 1.00000000e-05  1.63987314e+00 
 1.10000000e-05  1.63807736e+00 
 1.20000000e-05  1.63628162e+00 
 1.30000000e-05  1.63448682e+00 
 1.40000000e-05  1.63269384e+00 
 1.50000000e-05  1.63090358e+00 
 1.60000000e-05  1.62911694e+00 
 1.70000000e-05  1.62733481e+00 
 1.80000000e-05  1.62555810e+00 
 1.90000000e-05  1.62378769e+00 
 2.00000000e-05  1.62202448e+00 
 2.10000000e-05  1.62026936e+00 
 2.20000000e-05  1.61852320e+00 
 2.30000000e-05  1.61678688e+00 
 2.40000000e-05  1.61506126e+00 
 2.50000000e-05  1.61334719e+00 
 2.60000000e-05  1.61164551e+00 
 2.70000000e-05  1.60995706e+00 
 2.80000000e-05  1.60828263e+00 
 2.90000000e-05  1.60662302e+00 
 3.00000000e-05  1.60497901e+00 
 3.10000000e-05  1.60335136e+00 
 3.20000000e-05  1.60174080e+00 
 3.30000000e-05  1.60014805e+00 
 3.40000000e-05  1.59857380e+00 
 3.50000000e-05  1.59701871e+00 
 3.60000000e-05  1.59548342e+00 
 3.70000000e-05  1.59396855e+00 
 3.80000000e-05  1.59247469e+00 
 3.90000000e-05  1.59100239e+00 
 4.00000000e-05  1.58955218e+00 
 4.10000000e-05  1.58812456e+00 
 4.20000000e-05  1.58671998e+00 
 4.30000000e-05  1.58533890e+00 
 4.40000000e-05  1.58398170e+00 
 4.50000000e-05  1.58264876e+00 
 4.60000000e-05  1.58134040e+00 
 4.70000000e-05  1.58005693e+00 
 4.80000000e-05  1.57879862e+00 
 4.90000000e-05  1.57756569e+00 
 5.00000000e-05  1.57635835e+00 
 0.00000000e+00  1.65763680e+00 
 1.00000000e-06  1.65764825e+00 
 2.00000000e-06  1.65766030e+00 
 3.00000000e-06  1.65767239e+00 
 4.00000000e-06  1.65768453e+00 
 5.00000000e-06  1.65769672e+00 
 6.00000000e-06  1.65770895e+00 
 7.00000000e-06  1.65772123e+00 
 8.00000000e-06  1.65773356e+00 
 9.00000000e-06  1.65774594e+00 
 1.00000000e-05  1.65775836e+00 
 1.10000000e-05  1.65777083e+00 
 1.20000000e-05  1.65778335e+00 
 1.30000000e-05  1.65779592e+00 
 1.40000000e-05  1.65780853e+00 
 1.50000000e-05  1.65782119e+00 
 1.60000000e-05  1.65783390e+00 
 1.70000000e-05  1.65784665e+00 
 1.80000000e-05  1.65785946e+00 
 1.90000000e-05  1.65787231e+00 
 2.00000000e-05  1.65788520e+00 
 2.10000000e-05  1.65789815e+00 
 2.20000000e-05  1.65791114e+00 
 2.30000000e-05  1.65792418e+00 
 2.40000000e-05  1.65793727e+00 
 2.50000000e-05  1.65795040e+00 
 2.60000000e-05  1.65796358e+00 
 2.70000000e-05  1.65797681e+00 
 2.80000000e-05  1.65799009e+00 
 2.90000000e-05  1.65800342e+00 
 3.00000000e-05  1.65801679e+00 
 3.10000000e-05  1.65803021e+00 
 3.20000000e-05  1.65804367e+00 
 3.30000000e-05  1.65805719e+00 
 3.40000000e-05  1.65807075e+00 
 3.50000000e-05  1.65808436e+00 
 3.60000000e-05  1.65809801e+00 
 3.70000000e-05  1.65811171e+00 
 3.80000000e-05  1.65812546e+00 
 3.90000000e-05  1.65813926e+00 
 4.00000000e-05  1.65815311e+00 
 4.10000000e-05  1.65816700e+00 
 4.20000000e-05  1.65818094e+00 
 4.30000000e-05  1.65819492e+00 
 4.40000000e-05  1.65820895e+00 
 4.50000000e-05  1.65822303e+00 
 4.60000000e-05  1.65823716e+00 
 4.70000000e-05  1.65825133e+00 
 4.80000000e-05  1.65826555e+00 
 4.90000000e-05  1.65827981e+00 
 5.00000000e-05  1.65829413e+00 
 0.00000000e+00  1.65763748e+00 
 1.00000000e-06  1.65945333e+00 
 2.00000000e-06  1.66127090e+00 
 3.00000000e-06  1.66308913e+00 
 4.00000000e-06  1.66490713e+00 
 5.00000000e-06  1.66672403e+00 
 6.00000000e-06  1.66853896e+00 
 7.00000000e-06  1.67035102e+00 
 8.00000000e-06  1.67215932e+00 
 9.00000000e-06  1.67396297e+00 
 1.00000000e-05  1.67576107e+00 
 1.10000000e-05  1.67755275e+00 
 1.20000000e-05  1.67933709e+00 
 1.30000000e-05  1.68111323e+00 
 1.40000000e-05  1.68288027e+00 
 1.50000000e-05  1.68463735e+00 
 1.60000000e-05  1.68638359e+00 
 1.70000000e-05  1.68811814e+00 
 1.80000000e-05  1.68984015e+00 
 1.90000000e-05  1.69154879e+00 
 2.00000000e-05  1.69324324e+00 
 2.10000000e-05  1.69492269e+00 
 2.20000000e-05  1.69658636e+00 
 2.30000000e-05  1.69823347e+00 
 2.40000000e-05  1.69986329e+00 
 2.50000000e-05  1.70147507e+00 
 2.60000000e-05  1.70306812e+00 
 2.70000000e-05  1.70464175e+00 
 2.80000000e-05  1.70619530e+00 
 2.90000000e-05  1.70772815e+00 
 3.00000000e-05  1.70923970e+00 
 3.10000000e-05  1.71072936e+00 
 3.20000000e-05  1.71219660e+00 
 3.30000000e-05  1.71364091e+00 
 3.40000000e-05  1.71506179e+00 
 3.50000000e-05  1.71645880e+00 
 3.60000000e-05  1.71783153e+00 
 3.70000000e-05  1.71917959e+00 
 3.80000000e-05  1.72050264e+00 
 3.90000000e-05  1.72180035e+00 
 4.00000000e-05  1.72307245e+00 
 4.10000000e-05  1.72431870e+00 
 4.20000000e-05  1.72553889e+00 
 4.30000000e-05  1.72673284e+00 
 4.40000000e-05  1.72790042e+00 
 4.50000000e-05  1.72904152e+00 
 4.60000000e-05  1.73015608e+00 
 4.70000000e-05  1.73124406e+00 
 4.80000000e-05  1.73230546e+00 
 4.90000000e-05  1.73334032e+00 
 5.00000000e-05  1.73434869e+00 
