 0.00000000e+00  1.59414872e+00 
 1.00000000e-06  1.59555243e+00 
 2.00000000e-06  1.59698181e+00 
 3.00000000e-06  1.59843665e+00 
 4.00000000e-06  1.59991675e+00 
 5.00000000e-06  1.60142187e+00 
 6.00000000e-06  1.60295173e+00 
 7.00000000e-06  1.60450604e+00 
 8.00000000e-06  1.60608445e+00 
 9.00000000e-06  1.60768659e+00 
 1.00000000e-05  1.60931206e+00 
 1.10000000e-05  1.61096042e+00 
 1.20000000e-05  1.61263120e+00 
 1.30000000e-05  1.61432389e+00 
 1.40000000e-05  1.61603795e+00 
 1.50000000e-05  1.61777280e+00 
 1.60000000e-05  1.61952784e+00 
 1.70000000e-05  1.62130243e+00 
 1.80000000e-05  1.62309590e+00 
 1.90000000e-05  1.62490753e+00 
 2.00000000e-05  1.62673660e+00 
 2.10000000e-05  1.62858234e+00 
 2.20000000e-05  1.63044395e+00 
 2.30000000e-05  1.63232060e+00 
 2.40000000e-05  1.63421144e+00 
 2.50000000e-05  1.63611558e+00 
 2.60000000e-05  1.63803212e+00 
 2.70000000e-05  1.63996013e+00 
 2.80000000e-05  1.64189865e+00 
 2.90000000e-05  1.64384668e+00 
 3.00000000e-05  1.64580324e+00 
 3.10000000e-05  1.64776730e+00 
 3.20000000e-05  1.64973782e+00 
 3.30000000e-05  1.65171374e+00 
 3.40000000e-05  1.65369399e+00 
 3.50000000e-05  1.65567747e+00 
 3.60000000e-05  1.65766309e+00 
 3.70000000e-05  1.65964973e+00 
 3.80000000e-05  1.66163628e+00 
 3.90000000e-05  1.66362162e+00 
 4.00000000e-05  1.66560460e+00 
 4.10000000e-05  1.66758409e+00 
 4.20000000e-05  1.66955897e+00 
 4.30000000e-05  1.67152809e+00 
 4.40000000e-05  1.67349033e+00 
 4.50000000e-05  1.67544456e+00 
 4.60000000e-05  1.67738966e+00 
 4.70000000e-05  1.67932452e+00 
 4.80000000e-05  1.68124804e+00 
 4.90000000e-05  1.68315915e+00 
 5.00000000e-05  1.68505676e+00 
 0.00000000e+00  1.65842055e+00 
 1.00000000e-06  1.66022458e+00 
 2.00000000e-06  1.66203037e+00 
 3.00000000e-06  1.66383707e+00 
 4.00000000e-06  1.66564385e+00 
 5.00000000e-06  1.66744983e+00 
 6.00000000e-06  1.66925415e+00 
 7.00000000e-06  1.67105595e+00 
 8.00000000e-06  1.67285434e+00 
 9.00000000e-06  1.67464844e+00 
 1.00000000e-05  1.67643740e+00 
 1.10000000e-05  1.67822031e+00 
 1.20000000e-05  1.67999631e+00 
 1.30000000e-05  1.68176453e+00 
 1.40000000e-05  1.68352408e+00 
 1.50000000e-05  1.68527412e+00 
 1.60000000e-05  1.68701379e+00 
 1.70000000e-05  1.68874223e+00 
 1.80000000e-05  1.69045861e+00 
 1.90000000e-05  1.69216210e+00 
 2.00000000e-05  1.69385189e+00 
 2.10000000e-05  1.69552718e+00 
 2.20000000e-05  1.69718719e+00 
 2.30000000e-05  1.69883115e+00 
 2.40000000e-05  1.70045832e+00 
 2.50000000e-05  1.70206797e+00 
 2.60000000e-05  1.70365940e+00 
 2.70000000e-05  1.70523192e+00 
 2.80000000e-05  1.70678487e+00 
 2.90000000e-05  1.70831762e+00 
 3.00000000e-05  1.70982958e+00 
 3.10000000e-05  1.71132014e+00 
 3.20000000e-05  1.71278878e+00 
 3.30000000e-05  1.71423496e+00 
 3.40000000e-05  1.71565819e+00 
 3.50000000e-05  1.71705803e+00 
 3.60000000e-05  1.71843403e+00 
 3.70000000e-05  1.71978581e+00 
 3.80000000e-05  1.72111301e+00 
 3.90000000e-05  1.72241529e+00 
 4.00000000e-05  1.72369237e+00 
 4.10000000e-05  1.72494399e+00 
 4.20000000e-05  1.72616992e+00 
 4.30000000e-05  1.72736997e+00 
 4.40000000e-05  1.72854400e+00 
 4.50000000e-05  1.72969187e+00 
 4.60000000e-05  1.73081351e+00 
 4.70000000e-05  1.73190886e+00 
 4.80000000e-05  1.73297790e+00 
 4.90000000e-05  1.73402065e+00 
 5.00000000e-05  1.73503715e+00 
 0.00000000e+00  1.72002499e+00 
 1.00000000e-06  1.72125039e+00 
 2.00000000e-06  1.72245557e+00 
 3.00000000e-06  1.72364025e+00 
 4.00000000e-06  1.72480415e+00 
 5.00000000e-06  1.72594703e+00 
 6.00000000e-06  1.72706866e+00 
 7.00000000e-06  1.72816885e+00 
 8.00000000e-06  1.72924742e+00 
 9.00000000e-06  1.73030423e+00 
 1.00000000e-05  1.73133916e+00 
 1.10000000e-05  1.73235210e+00 
 1.20000000e-05  1.73334300e+00 
 1.30000000e-05  1.73431180e+00 
 1.40000000e-05  1.73525847e+00 
 1.50000000e-05  1.73618304e+00 
 1.60000000e-05  1.73708551e+00 
 1.70000000e-05  1.73796595e+00 
 1.80000000e-05  1.73882442e+00 
 1.90000000e-05  1.73966102e+00 
 2.00000000e-05  1.74047587e+00 
 2.10000000e-05  1.74126911e+00 
 2.20000000e-05  1.74204090e+00 
 2.30000000e-05  1.74279142e+00 
 2.40000000e-05  1.74352087e+00 
 2.50000000e-05  1.74422947e+00 
 2.60000000e-05  1.74491745e+00 
 2.70000000e-05  1.74558507e+00 
 2.80000000e-05  1.74623259e+00 
 2.90000000e-05  1.74686029e+00 
 3.00000000e-05  1.74746848e+00 
 3.10000000e-05  1.74805747e+00 
 3.20000000e-05  1.74862756e+00 
 3.30000000e-05  1.74917911e+00 
 3.40000000e-05  1.74971244e+00 
 3.50000000e-05  1.75022792e+00 
 3.60000000e-05  1.75072589e+00 
 3.70000000e-05  1.75120674e+00 
 3.80000000e-05  1.75167083e+00 
 3.90000000e-05  1.75211855e+00 
 4.00000000e-05  1.75255027e+00 
 4.10000000e-05  1.75296638e+00 
 4.20000000e-05  1.75336728e+00 
 4.30000000e-05  1.75375336e+00 
 4.40000000e-05  1.75412500e+00 
 4.50000000e-05  1.75448260e+00 
 4.60000000e-05  1.75482655e+00 
 4.70000000e-05  1.75515726e+00 
 4.80000000e-05  1.75547510e+00 
 4.90000000e-05  1.75578046e+00 
 5.00000000e-05  1.75607373e+00 
