 0.00000000e+00  1.66353682e+00 
 1.00000000e-06  1.66634412e+00 
 2.00000000e-06  1.66915409e+00 
 3.00000000e-06  1.67196556e+00 
 4.00000000e-06  1.67477736e+00 
 5.00000000e-06  1.67758831e+00 
 6.00000000e-06  1.68039720e+00 
 7.00000000e-06  1.68320284e+00 
 8.00000000e-06  1.68600403e+00 
 9.00000000e-06  1.68879955e+00 
 1.00000000e-05  1.69158818e+00 
 1.10000000e-05  1.69436872e+00 
 1.20000000e-05  1.69713994e+00 
 1.30000000e-05  1.69990063e+00 
 1.40000000e-05  1.70264958e+00 
 1.50000000e-05  1.70538559e+00 
 1.60000000e-05  1.70810745e+00 
 1.70000000e-05  1.71081399e+00 
 1.80000000e-05  1.71350402e+00 
 1.90000000e-05  1.71617639e+00 
 2.00000000e-05  1.71882992e+00 
 2.10000000e-05  1.72146351e+00 
 2.20000000e-05  1.72407602e+00 
 2.30000000e-05  1.72666637e+00 
 2.40000000e-05  1.72923347e+00 
 2.50000000e-05  1.73177628e+00 
 2.60000000e-05  1.73429378e+00 
 2.70000000e-05  1.73678496e+00 
 2.80000000e-05  1.73924887e+00 
 2.90000000e-05  1.74168454e+00 
 3.00000000e-05  1.74409109e+00 
 3.10000000e-05  1.74646764e+00 
 3.20000000e-05  1.74881335e+00 
 3.30000000e-05  1.75112741e+00 
 3.40000000e-05  1.75340907e+00 
 3.50000000e-05  1.75565760e+00 
 3.60000000e-05  1.75787231e+00 
 3.70000000e-05  1.76005256e+00 
 3.80000000e-05  1.76219775e+00 
 3.90000000e-05  1.76430731e+00 
 4.00000000e-05  1.76638074e+00 
 4.10000000e-05  1.76841757e+00 
 4.20000000e-05  1.77041736e+00 
 4.30000000e-05  1.77237974e+00 
 4.40000000e-05  1.77430437e+00 
 4.50000000e-05  1.77619096e+00 
 4.60000000e-05  1.77803928e+00 
 4.70000000e-05  1.77984912e+00 
 4.80000000e-05  1.78162033e+00 
 4.90000000e-05  1.78335281e+00 
 5.00000000e-05  1.78504649e+00 
 0.00000000e+00  1.66915415e+00 
 1.00000000e-06  1.67195092e+00 
 2.00000000e-06  1.67474824e+00 
 3.00000000e-06  1.67754490e+00 
 4.00000000e-06  1.68033972e+00 
 5.00000000e-06  1.68313151e+00 
 6.00000000e-06  1.68591908e+00 
 7.00000000e-06  1.68870125e+00 
 8.00000000e-06  1.69147681e+00 
 9.00000000e-06  1.69424456e+00 
 1.00000000e-05  1.69700331e+00 
 1.10000000e-05  1.69975185e+00 
 1.20000000e-05  1.70248899e+00 
 1.30000000e-05  1.70521354e+00 
 1.40000000e-05  1.70792432e+00 
 1.50000000e-05  1.71062015e+00 
 1.60000000e-05  1.71329987e+00 
 1.70000000e-05  1.71596232e+00 
 1.80000000e-05  1.71860636e+00 
 1.90000000e-05  1.72123087e+00 
 2.00000000e-05  1.72383474e+00 
 2.10000000e-05  1.72641689e+00 
 2.20000000e-05  1.72897624e+00 
 2.30000000e-05  1.73151176e+00 
 2.40000000e-05  1.73402243e+00 
 2.50000000e-05  1.73650724e+00 
 2.60000000e-05  1.73896525e+00 
 2.70000000e-05  1.74139550e+00 
 2.80000000e-05  1.74379709e+00 
 2.90000000e-05  1.74616916e+00 
 3.00000000e-05  1.74851086e+00 
 3.10000000e-05  1.75082139e+00 
 3.20000000e-05  1.75309998e+00 
 3.30000000e-05  1.75534590e+00 
 3.40000000e-05  1.75755847e+00 
 3.50000000e-05  1.75973703e+00 
 3.60000000e-05  1.76188098e+00 
 3.70000000e-05  1.76398975e+00 
 3.80000000e-05  1.76606281e+00 
 3.90000000e-05  1.76809970e+00 
 4.00000000e-05  1.77009996e+00 
 4.10000000e-05  1.77206321e+00 
 4.20000000e-05  1.77398911e+00 
 4.30000000e-05  1.77587735e+00 
 4.40000000e-05  1.77772768e+00 
 4.50000000e-05  1.77953989e+00 
 4.60000000e-05  1.78131381e+00 
 4.70000000e-05  1.78304932e+00 
 4.80000000e-05  1.78474634e+00 
 4.90000000e-05  1.78640484e+00 
 5.00000000e-05  1.78802484e+00 
 0.00000000e+00  1.67477737e+00 
 1.00000000e-06  1.67755937e+00 
 2.00000000e-06  1.68033971e+00 
 3.00000000e-06  1.68311723e+00 
 4.00000000e-06  1.68589076e+00 
 5.00000000e-06  1.68865910e+00 
 6.00000000e-06  1.69142109e+00 
 7.00000000e-06  1.69417555e+00 
 8.00000000e-06  1.69692128e+00 
 9.00000000e-06  1.69965710e+00 
 1.00000000e-05  1.70238184e+00 
 1.10000000e-05  1.70509432e+00 
 1.20000000e-05  1.70779337e+00 
 1.30000000e-05  1.71047782e+00 
 1.40000000e-05  1.71314654e+00 
 1.50000000e-05  1.71579836e+00 
 1.60000000e-05  1.71843218e+00 
 1.70000000e-05  1.72104687e+00 
 1.80000000e-05  1.72364133e+00 
 1.90000000e-05  1.72621449e+00 
 2.00000000e-05  1.72876530e+00 
 2.10000000e-05  1.73129270e+00 
 2.20000000e-05  1.73379570e+00 
 2.30000000e-05  1.73627329e+00 
 2.40000000e-05  1.73872453e+00 
 2.50000000e-05  1.74114848e+00 
 2.60000000e-05  1.74354423e+00 
 2.70000000e-05  1.74591091e+00 
 2.80000000e-05  1.74824769e+00 
 2.90000000e-05  1.75055376e+00 
 3.00000000e-05  1.75282836e+00 
 3.10000000e-05  1.75507075e+00 
 3.20000000e-05  1.75728023e+00 
 3.30000000e-05  1.75945617e+00 
 3.40000000e-05  1.76159793e+00 
 3.50000000e-05  1.76370496e+00 
 3.60000000e-05  1.76577671e+00 
 3.70000000e-05  1.76781271e+00 
 3.80000000e-05  1.76981251e+00 
 3.90000000e-05  1.77177570e+00 
 4.00000000e-05  1.77370193e+00 
 4.10000000e-05  1.77559090e+00 
 4.20000000e-05  1.77744232e+00 
 4.30000000e-05  1.77925598e+00 
 4.40000000e-05  1.78103170e+00 
 4.50000000e-05  1.78276935e+00 
 4.60000000e-05  1.78446883e+00 
 4.70000000e-05  1.78613010e+00 
 4.80000000e-05  1.78775316e+00 
 4.90000000e-05  1.78933804e+00 
 5.00000000e-05  1.79088482e+00 
 0.00000000e+00  1.68039720e+00 
 1.00000000e-06  1.68316004e+00 
 2.00000000e-06  1.68591908e+00 
 3.00000000e-06  1.68867315e+00 
 4.00000000e-06  1.69142109e+00 
 5.00000000e-06  1.69416174e+00 
 6.00000000e-06  1.69689392e+00 
 7.00000000e-06  1.69961648e+00 
 8.00000000e-06  1.70232823e+00 
 9.00000000e-06  1.70502804e+00 
 1.00000000e-05  1.70771473e+00 
 1.10000000e-05  1.71038717e+00 
 1.20000000e-05  1.71304421e+00 
 1.30000000e-05  1.71568473e+00 
 1.40000000e-05  1.71830761e+00 
 1.50000000e-05  1.72091174e+00 
 1.60000000e-05  1.72349605e+00 
 1.70000000e-05  1.72605946e+00 
 1.80000000e-05  1.72860092e+00 
 1.90000000e-05  1.73111941e+00 
 2.00000000e-05  1.73361392e+00 
 2.10000000e-05  1.73608346e+00 
 2.20000000e-05  1.73852708e+00 
 2.30000000e-05  1.74094386e+00 
 2.40000000e-05  1.74333289e+00 
 2.50000000e-05  1.74569331e+00 
 2.60000000e-05  1.74802428e+00 
 2.70000000e-05  1.75032499e+00 
 2.80000000e-05  1.75259468e+00 
 2.90000000e-05  1.75483261e+00 
 3.00000000e-05  1.75703809e+00 
 3.10000000e-05  1.75921047e+00 
 3.20000000e-05  1.76134912e+00 
 3.30000000e-05  1.76345347e+00 
 3.40000000e-05  1.76552299e+00 
 3.50000000e-05  1.76755717e+00 
 3.60000000e-05  1.76955556e+00 
 3.70000000e-05  1.77151776e+00 
 3.80000000e-05  1.77344341e+00 
 3.90000000e-05  1.77533217e+00 
 4.00000000e-05  1.77718378e+00 
 4.10000000e-05  1.77899799e+00 
 4.20000000e-05  1.78077462e+00 
 4.30000000e-05  1.78251351e+00 
 4.40000000e-05  1.78421458e+00 
 4.50000000e-05  1.78587775e+00 
 4.60000000e-05  1.78750301e+00 
 4.70000000e-05  1.78909038e+00 
 4.80000000e-05  1.79063994e+00 
 4.90000000e-05  1.79215177e+00 
 5.00000000e-05  1.79362603e+00 
 0.00000000e+00  1.68600403e+00 
 1.00000000e-06  1.68874338e+00 
 2.00000000e-06  1.69147681e+00 
 3.00000000e-06  1.69420315e+00 
 4.00000000e-06  1.69692127e+00 
 5.00000000e-06  1.69963002e+00 
 6.00000000e-06  1.70232823e+00 
 7.00000000e-06  1.70501478e+00 
 8.00000000e-06  1.70768851e+00 
 9.00000000e-06  1.71034830e+00 
 1.00000000e-05  1.71299302e+00 
 1.10000000e-05  1.71562156e+00 
 1.20000000e-05  1.71823281e+00 
 1.30000000e-05  1.72082568e+00 
 1.40000000e-05  1.72339909e+00 
 1.50000000e-05  1.72595200e+00 
 1.60000000e-05  1.72848335e+00 
 1.70000000e-05  1.73099213e+00 
 1.80000000e-05  1.73347735e+00 
 1.90000000e-05  1.73593802e+00 
 2.00000000e-05  1.73837320e+00 
 2.10000000e-05  1.74078197e+00 
 2.20000000e-05  1.74316342e+00 
 2.30000000e-05  1.74551670e+00 
 2.40000000e-05  1.74784098e+00 
 2.50000000e-05  1.75013544e+00 
 2.60000000e-05  1.75239933e+00 
 2.70000000e-05  1.75463190e+00 
 2.80000000e-05  1.75683248e+00 
 2.90000000e-05  1.75900038e+00 
 3.00000000e-05  1.76113500e+00 
 3.10000000e-05  1.76323576e+00 
 3.20000000e-05  1.76530211e+00 
 3.30000000e-05  1.76733355e+00 
 3.40000000e-05  1.76932962e+00 
 3.50000000e-05  1.77128992e+00 
 3.60000000e-05  1.77321406e+00 
 3.70000000e-05  1.77510171e+00 
 3.80000000e-05  1.77695259e+00 
 3.90000000e-05  1.77876645e+00 
 4.00000000e-05  1.78054310e+00 
 4.10000000e-05  1.78228236e+00 
 4.20000000e-05  1.78398413e+00 
 4.30000000e-05  1.78564834e+00 
 4.40000000e-05  1.78727495e+00 
 4.50000000e-05  1.78886398e+00 
 4.60000000e-05  1.79041547e+00 
 4.70000000e-05  1.79192952e+00 
 4.80000000e-05  1.79340626e+00 
 4.90000000e-05  1.79484586e+00 
 5.00000000e-05  1.79624852e+00 
 0.00000000e+00  1.69158877e+00 
 1.00000000e-06  1.69429975e+00 
 2.00000000e-06  1.69700331e+00 
 3.00000000e-06  1.69969771e+00 
 4.00000000e-06  1.70238184e+00 
 5.00000000e-06  1.70505455e+00 
 6.00000000e-06  1.70771473e+00 
 7.00000000e-06  1.71036126e+00 
 8.00000000e-06  1.71299302e+00 
 9.00000000e-06  1.71560892e+00 
 1.00000000e-05  1.71820786e+00 
 1.10000000e-05  1.72078877e+00 
 1.20000000e-05  1.72335058e+00 
 1.30000000e-05  1.72589225e+00 
 1.40000000e-05  1.72841274e+00 
 1.50000000e-05  1.73091105e+00 
 1.60000000e-05  1.73338619e+00 
 1.70000000e-05  1.73583720e+00 
 1.80000000e-05  1.73826312e+00 
 1.90000000e-05  1.74066305e+00 
 2.00000000e-05  1.74303609e+00 
 2.10000000e-05  1.74538138e+00 
 2.20000000e-05  1.74769810e+00 
 2.30000000e-05  1.74998544e+00 
 2.40000000e-05  1.75224265e+00 
 2.50000000e-05  1.75446898e+00 
 2.60000000e-05  1.75666374e+00 
 2.70000000e-05  1.75882628e+00 
 2.80000000e-05  1.76095597e+00 
 2.90000000e-05  1.76305222e+00 
 3.00000000e-05  1.76511450e+00 
 3.10000000e-05  1.76714229e+00 
 3.20000000e-05  1.76913514e+00 
 3.30000000e-05  1.77109261e+00 
 3.40000000e-05  1.77301434e+00 
 3.50000000e-05  1.77489998e+00 
 3.60000000e-05  1.77674924e+00 
 3.70000000e-05  1.77856186e+00 
 3.80000000e-05  1.78033763e+00 
 3.90000000e-05  1.78207639e+00 
 4.00000000e-05  1.78377800e+00 
 4.10000000e-05  1.78544238e+00 
 4.20000000e-05  1.78706950e+00 
 4.30000000e-05  1.78865934e+00 
 4.40000000e-05  1.79021195e+00 
 4.50000000e-05  1.79172740e+00 
 4.60000000e-05  1.79320582e+00 
 4.70000000e-05  1.79464735e+00 
 4.80000000e-05  1.79605220e+00 
 4.90000000e-05  1.79742058e+00 
 5.00000000e-05  1.79875276e+00 
 0.00000000e+00  1.69714032e+00 
 1.00000000e-06  1.69981949e+00 
 2.00000000e-06  1.70248899e+00 
 3.00000000e-06  1.70514732e+00 
 4.00000000e-06  1.70779337e+00 
 5.00000000e-06  1.71042603e+00 
 6.00000000e-06  1.71304422e+00 
 7.00000000e-06  1.71564683e+00 
 8.00000000e-06  1.71823281e+00 
 9.00000000e-06  1.72080107e+00 
 1.00000000e-05  1.72335058e+00 
 1.10000000e-05  1.72588029e+00 
 1.20000000e-05  1.72838919e+00 
 1.30000000e-05  1.73087628e+00 
 1.40000000e-05  1.73334058e+00 
 1.50000000e-05  1.73578113e+00 
 1.60000000e-05  1.73819700e+00 
 1.70000000e-05  1.74058728e+00 
 1.80000000e-05  1.74295108e+00 
 1.90000000e-05  1.74528756e+00 
 2.00000000e-05  1.74759588e+00 
 2.10000000e-05  1.74987524e+00 
 2.20000000e-05  1.75212490e+00 
 2.30000000e-05  1.75434412e+00 
 2.40000000e-05  1.75653220e+00 
 2.50000000e-05  1.75868848e+00 
 2.60000000e-05  1.76081234e+00 
 2.70000000e-05  1.76290320e+00 
 2.80000000e-05  1.76496051e+00 
 2.90000000e-05  1.76698376e+00 
 3.00000000e-05  1.76897248e+00 
 3.10000000e-05  1.77092624e+00 
 3.20000000e-05  1.77284467e+00 
 3.30000000e-05  1.77472740e+00 
 3.40000000e-05  1.77657415e+00 
 3.50000000e-05  1.77838465e+00 
 3.60000000e-05  1.78015867e+00 
 3.70000000e-05  1.78189604e+00 
 3.80000000e-05  1.78359663e+00 
 3.90000000e-05  1.78526034e+00 
 4.00000000e-05  1.78688711e+00 
 4.10000000e-05  1.78847693e+00 
 4.20000000e-05  1.79002984e+00 
 4.30000000e-05  1.79154588e+00 
 4.40000000e-05  1.79302518e+00 
 4.50000000e-05  1.79446786e+00 
 4.60000000e-05  1.79587412e+00 
 4.70000000e-05  1.79724416e+00 
 4.80000000e-05  1.79857823e+00 
 4.90000000e-05  1.79987662e+00 
 5.00000000e-05  1.80113964e+00 
 0.00000000e+00  1.70264958e+00 
 1.00000000e-06  1.70529297e+00 
 2.00000000e-06  1.70792432e+00 
 3.00000000e-06  1.71054254e+00 
 4.00000000e-06  1.71314654e+00 
 5.00000000e-06  1.71573525e+00 
 6.00000000e-06  1.71830761e+00 
 7.00000000e-06  1.72086257e+00 
 8.00000000e-06  1.72339909e+00 
 9.00000000e-06  1.72591615e+00 
 1.00000000e-05  1.72841274e+00 
 1.10000000e-05  1.73088788e+00 
 1.20000000e-05  1.73334058e+00 
 1.30000000e-05  1.73576992e+00 
 1.40000000e-05  1.73817495e+00 
 1.50000000e-05  1.74055479e+00 
 1.60000000e-05  1.74290855e+00 
 1.70000000e-05  1.74523538e+00 
 1.80000000e-05  1.74753447e+00 
 1.90000000e-05  1.74980503e+00 
 2.00000000e-05  1.75204629e+00 
 2.10000000e-05  1.75425754e+00 
 2.20000000e-05  1.75643807e+00 
 2.30000000e-05  1.75858723e+00 
 2.40000000e-05  1.76070439e+00 
 2.50000000e-05  1.76278898e+00 
 2.60000000e-05  1.76484044e+00 
 2.70000000e-05  1.76685826e+00 
 2.80000000e-05  1.76884197e+00 
 2.90000000e-05  1.77079113e+00 
 3.00000000e-05  1.77270537e+00 
 3.10000000e-05  1.77458432e+00 
 3.20000000e-05  1.77642768e+00 
 3.30000000e-05  1.77823518e+00 
 3.40000000e-05  1.78000658e+00 
 3.50000000e-05  1.78174172e+00 
 3.60000000e-05  1.78344042e+00 
 3.70000000e-05  1.78510261e+00 
 3.80000000e-05  1.78672820e+00 
 3.90000000e-05  1.78831718e+00 
 4.00000000e-05  1.78986955e+00 
 4.10000000e-05  1.79138539e+00 
 4.20000000e-05  1.79286476e+00 
 4.30000000e-05  1.79430782e+00 
 4.40000000e-05  1.79571472e+00 
 4.50000000e-05  1.79708566e+00 
 4.60000000e-05  1.79842089e+00 
 4.70000000e-05  1.79972066e+00 
 4.80000000e-05  1.80098529e+00 
 4.90000000e-05  1.80221510e+00 
 5.00000000e-05  1.80341045e+00 
 0.00000000e+00  1.70810745e+00 
 1.00000000e-06  1.71071064e+00 
 2.00000000e-06  1.71329987e+00 
 3.00000000e-06  1.71587406e+00 
 4.00000000e-06  1.71843218e+00 
 5.00000000e-06  1.72097318e+00 
 6.00000000e-06  1.72349605e+00 
 7.00000000e-06  1.72599977e+00 
 8.00000000e-06  1.72848335e+00 
 9.00000000e-06  1.73094581e+00 
 1.00000000e-05  1.73338619e+00 
 1.10000000e-05  1.73580356e+00 
 1.20000000e-05  1.73819700e+00 
 1.30000000e-05  1.74056562e+00 
 1.40000000e-05  1.74290855e+00 
 1.50000000e-05  1.74522494e+00 
 1.60000000e-05  1.74751400e+00 
 1.70000000e-05  1.74977492e+00 
 1.80000000e-05  1.75200696e+00 
 1.90000000e-05  1.75420939e+00 
 2.00000000e-05  1.75638153e+00 
 2.10000000e-05  1.75852271e+00 
 2.20000000e-05  1.76063232e+00 
 2.30000000e-05  1.76270977e+00 
 2.40000000e-05  1.76475451e+00 
 2.50000000e-05  1.76676603e+00 
 2.60000000e-05  1.76874386e+00 
 2.70000000e-05  1.77068756e+00 
 2.80000000e-05  1.77259674e+00 
 2.90000000e-05  1.77447103e+00 
 3.00000000e-05  1.77631014e+00 
 3.10000000e-05  1.77811377e+00 
 3.20000000e-05  1.77988171e+00 
 3.30000000e-05  1.78161374e+00 
 3.40000000e-05  1.78330972e+00 
 3.50000000e-05  1.78496954e+00 
 3.60000000e-05  1.78659312e+00 
 3.70000000e-05  1.78818043e+00 
 3.80000000e-05  1.78973147e+00 
 3.90000000e-05  1.79124629e+00 
 4.00000000e-05  1.79272496e+00 
 4.10000000e-05  1.79416761e+00 
 4.20000000e-05  1.79557439e+00 
 4.30000000e-05  1.79694548e+00 
 4.40000000e-05  1.79828112e+00 
 4.50000000e-05  1.79958156e+00 
 4.60000000e-05  1.80084708e+00 
 4.70000000e-05  1.80207801e+00 
 4.80000000e-05  1.80327470e+00 
 4.90000000e-05  1.80443752e+00 
 5.00000000e-05  1.80556687e+00 
 0.00000000e+00  1.71350403e+00 
 1.00000000e-06  1.71606310e+00 
 2.00000000e-06  1.71860635e+00 
 3.00000000e-06  1.72113277e+00 
 4.00000000e-06  1.72364133e+00 
 5.00000000e-06  1.72613104e+00 
 6.00000000e-06  1.72860092e+00 
 7.00000000e-06  1.73105001e+00 
 8.00000000e-06  1.73347735e+00 
 9.00000000e-06  1.73588202e+00 
 1.00000000e-05  1.73826312e+00 
 1.10000000e-05  1.74061976e+00 
 1.20000000e-05  1.74295108e+00 
 1.30000000e-05  1.74525626e+00 
 1.40000000e-05  1.74753447e+00 
 1.50000000e-05  1.74978496e+00 
 1.60000000e-05  1.75200696e+00 
 1.70000000e-05  1.75419975e+00 
 1.80000000e-05  1.75636267e+00 
 1.90000000e-05  1.75849504e+00 
 2.00000000e-05  1.76059625e+00 
 2.10000000e-05  1.76266571e+00 
 2.20000000e-05  1.76470289e+00 
 2.30000000e-05  1.76670726e+00 
 2.40000000e-05  1.76867835e+00 
 2.50000000e-05  1.77061572e+00 
 2.60000000e-05  1.77251898e+00 
 2.70000000e-05  1.77438777e+00 
 2.80000000e-05  1.77622177e+00 
 2.90000000e-05  1.77802069e+00 
 3.00000000e-05  1.77978430e+00 
 3.10000000e-05  1.78151239e+00 
 3.20000000e-05  1.78320481e+00 
 3.30000000e-05  1.78486144e+00 
 3.40000000e-05  1.78648219e+00 
 3.50000000e-05  1.78806701e+00 
 3.60000000e-05  1.78961591e+00 
 3.70000000e-05  1.79112891e+00 
 3.80000000e-05  1.79260610e+00 
 3.90000000e-05  1.79404756e+00 
 4.00000000e-05  1.79545346e+00 
 4.10000000e-05  1.79682396e+00 
 4.20000000e-05  1.79815928e+00 
 4.30000000e-05  1.79945965e+00 
 4.40000000e-05  1.80072537e+00 
 4.50000000e-05  1.80195673e+00 
 4.60000000e-05  1.80315407e+00 
 4.70000000e-05  1.80431776e+00 
 4.80000000e-05  1.80544817e+00 
 4.90000000e-05  1.80654574e+00 
 5.00000000e-05  1.80761090e+00 
 0.00000000e+00  1.71882993e+00 
 1.00000000e-06  1.72134112e+00 
 2.00000000e-06  1.72383474e+00 
 3.00000000e-06  1.72630979e+00 
 4.00000000e-06  1.72876530e+00 
 5.00000000e-06  1.73120032e+00 
 6.00000000e-06  1.73361392e+00 
 7.00000000e-06  1.73600518e+00 
 8.00000000e-06  1.73837320e+00 
 9.00000000e-06  1.74071712e+00 
 1.00000000e-05  1.74303609e+00 
 1.10000000e-05  1.74532927e+00 
 1.20000000e-05  1.74759587e+00 
 1.30000000e-05  1.74983513e+00 
 1.40000000e-05  1.75204629e+00 
 1.50000000e-05  1.75422865e+00 
 1.60000000e-05  1.75638153e+00 
 1.70000000e-05  1.75850426e+00 
 1.80000000e-05  1.76059625e+00 
 1.90000000e-05  1.76265690e+00 
 2.00000000e-05  1.76468567e+00 
 2.10000000e-05  1.76668205e+00 
 2.20000000e-05  1.76864556e+00 
 2.30000000e-05  1.77057577e+00 
 2.40000000e-05  1.77247227e+00 
 2.50000000e-05  1.77433470e+00 
 2.60000000e-05  1.77616275e+00 
 2.70000000e-05  1.77795612e+00 
 2.80000000e-05  1.77971457e+00 
 2.90000000e-05  1.78143790e+00 
 3.00000000e-05  1.78312593e+00 
 3.10000000e-05  1.78477854e+00 
 3.20000000e-05  1.78639564e+00 
 3.30000000e-05  1.78797718e+00 
 3.40000000e-05  1.78952313e+00 
 3.50000000e-05  1.79103354e+00 
 3.60000000e-05  1.79250845e+00 
 3.70000000e-05  1.79394797e+00 
 3.80000000e-05  1.79535223e+00 
 3.90000000e-05  1.79672139e+00 
 4.00000000e-05  1.79805565e+00 
 4.10000000e-05  1.79935526e+00 
 4.20000000e-05  1.80062046e+00 
 4.30000000e-05  1.80185156e+00 
 4.40000000e-05  1.80304888e+00 
 4.50000000e-05  1.80421277e+00 
 4.60000000e-05  1.80534361e+00 
 4.70000000e-05  1.80644181e+00 
 4.80000000e-05  1.80750779e+00 
 4.90000000e-05  1.80854199e+00 
 5.00000000e-05  1.80954490e+00 
 0.00000000e+00  1.72407602e+00 
 1.00000000e-06  1.72653576e+00 
 2.00000000e-06  1.72897624e+00 
 3.00000000e-06  1.73139653e+00 
 4.00000000e-06  1.73379570e+00 
 5.00000000e-06  1.73617284e+00 
 6.00000000e-06  1.73852708e+00 
 7.00000000e-06  1.74085756e+00 
 8.00000000e-06  1.74316342e+00 
 9.00000000e-06  1.74544387e+00 
 1.00000000e-05  1.74769810e+00 
 1.10000000e-05  1.74992536e+00 
 1.20000000e-05  1.75212490e+00 
 1.30000000e-05  1.75429603e+00 
 1.40000000e-05  1.75643807e+00 
 1.50000000e-05  1.75855037e+00 
 1.60000000e-05  1.76063232e+00 
 1.70000000e-05  1.76268334e+00 
 1.80000000e-05  1.76470289e+00 
 1.90000000e-05  1.76669045e+00 
 2.00000000e-05  1.76864556e+00 
 2.10000000e-05  1.77056777e+00 
 2.20000000e-05  1.77245669e+00 
 2.30000000e-05  1.77431194e+00 
 2.40000000e-05  1.77613321e+00 
 2.50000000e-05  1.77792020e+00 
 2.60000000e-05  1.77967268e+00 
 2.70000000e-05  1.78139041e+00 
 2.80000000e-05  1.78307324e+00 
 2.90000000e-05  1.78472103e+00 
 3.00000000e-05  1.78633368e+00 
 3.10000000e-05  1.78791113e+00 
 3.20000000e-05  1.78945336e+00 
 3.30000000e-05  1.79096039e+00 
 3.40000000e-05  1.79243227e+00 
 3.50000000e-05  1.79386908e+00 
 3.60000000e-05  1.79527095e+00 
 3.70000000e-05  1.79663803e+00 
 3.80000000e-05  1.79797052e+00 
 3.90000000e-05  1.79926863e+00 
 4.00000000e-05  1.80053262e+00 
 4.10000000e-05  1.80176278e+00 
 4.20000000e-05  1.80295940e+00 
 4.30000000e-05  1.80412285e+00 
 4.40000000e-05  1.80525347e+00 
 4.50000000e-05  1.80635166e+00 
 4.60000000e-05  1.80741785e+00 
 4.70000000e-05  1.80845245e+00 
 4.80000000e-05  1.80945595e+00 
 4.90000000e-05  1.81042880e+00 
 5.00000000e-05  1.81137152e+00 
 0.00000000e+00  1.72923348e+00 
 1.00000000e-06  1.73163836e+00 
 2.00000000e-06  1.73402243e+00 
 3.00000000e-06  1.73638477e+00 
 4.00000000e-06  1.73872453e+00 
 5.00000000e-06  1.74104085e+00 
 6.00000000e-06  1.74333289e+00 
 7.00000000e-06  1.74559986e+00 
 8.00000000e-06  1.74784098e+00 
 9.00000000e-06  1.75005548e+00 
 1.00000000e-05  1.75224265e+00 
 1.10000000e-05  1.75440178e+00 
 1.20000000e-05  1.75653220e+00 
 1.30000000e-05  1.75863327e+00 
 1.40000000e-05  1.76070439e+00 
 1.50000000e-05  1.76274499e+00 
 1.60000000e-05  1.76475451e+00 
 1.70000000e-05  1.76673245e+00 
 1.80000000e-05  1.76867835e+00 
 1.90000000e-05  1.77059175e+00 
 2.00000000e-05  1.77247227e+00 
 2.10000000e-05  1.77431953e+00 
 2.20000000e-05  1.77613321e+00 
 2.30000000e-05  1.77791302e+00 
 2.40000000e-05  1.77965870e+00 
 2.50000000e-05  1.78137005e+00 
 2.60000000e-05  1.78304687e+00 
 2.70000000e-05  1.78468904e+00 
 2.80000000e-05  1.78629645e+00 
 2.90000000e-05  1.78786903e+00 
 3.00000000e-05  1.78940676e+00 
 3.10000000e-05  1.79090964e+00 
 3.20000000e-05  1.79237772e+00 
 3.30000000e-05  1.79381107e+00 
 3.40000000e-05  1.79520981e+00 
 3.50000000e-05  1.79657409e+00 
 3.60000000e-05  1.79790408e+00 
 3.70000000e-05  1.79920000e+00 
 3.80000000e-05  1.80046208e+00 
 3.90000000e-05  1.80169061e+00 
 4.00000000e-05  1.80288587e+00 
 4.10000000e-05  1.80404821e+00 
 4.20000000e-05  1.80517798e+00 
 4.30000000e-05  1.80627554e+00 
 4.40000000e-05  1.80734132e+00 
 4.50000000e-05  1.80837574e+00 
 4.60000000e-05  1.80937923e+00 
 4.70000000e-05  1.81035228e+00 
 4.80000000e-05  1.81129536e+00 
 4.90000000e-05  1.81220898e+00 
 5.00000000e-05  1.81309365e+00 
 0.00000000e+00  1.73429378e+00 
 1.00000000e-06  1.73664066e+00 
 2.00000000e-06  1.73896525e+00 
 3.00000000e-06  1.74126671e+00 
 4.00000000e-06  1.74354423e+00 
 5.00000000e-06  1.74579701e+00 
 6.00000000e-06  1.74802428e+00 
 7.00000000e-06  1.75022529e+00 
 8.00000000e-06  1.75239933e+00 
 9.00000000e-06  1.75454570e+00 
 1.00000000e-05  1.75666374e+00 
 1.10000000e-05  1.75875283e+00 
 1.20000000e-05  1.76081234e+00 
 1.30000000e-05  1.76284173e+00 
 1.40000000e-05  1.76484044e+00 
 1.50000000e-05  1.76680797e+00 
 1.60000000e-05  1.76874386e+00 
 1.70000000e-05  1.77064766e+00 
 1.80000000e-05  1.77251898e+00 
 1.90000000e-05  1.77435745e+00 
 2.00000000e-05  1.77616275e+00 
 2.10000000e-05  1.77793458e+00 
 2.20000000e-05  1.77967268e+00 
 2.30000000e-05  1.78137684e+00 
 2.40000000e-05  1.78304687e+00 
 2.50000000e-05  1.78468264e+00 
 2.60000000e-05  1.78628403e+00 
 2.70000000e-05  1.78785097e+00 
 2.80000000e-05  1.78938343e+00 
 2.90000000e-05  1.79088141e+00 
 3.00000000e-05  1.79234494e+00 
 3.10000000e-05  1.79377409e+00 
 3.20000000e-05  1.79516897e+00 
 3.30000000e-05  1.79652972e+00 
 3.40000000e-05  1.79785650e+00 
 3.50000000e-05  1.79914953e+00 
 3.60000000e-05  1.80040902e+00 
 3.70000000e-05  1.80163524e+00 
 3.80000000e-05  1.80282848e+00 
 3.90000000e-05  1.80398907e+00 
 4.00000000e-05  1.80511734e+00 
 4.10000000e-05  1.80621366e+00 
 4.20000000e-05  1.80727842e+00 
 4.30000000e-05  1.80831205e+00 
 4.40000000e-05  1.80931497e+00 
 4.50000000e-05  1.81028765e+00 
 4.60000000e-05  1.81123055e+00 
 4.70000000e-05  1.81214417e+00 
 4.80000000e-05  1.81302901e+00 
 4.90000000e-05  1.81388560e+00 
 5.00000000e-05  1.81471447e+00 
 0.00000000e+00  1.73924887e+00 
 1.00000000e-06  1.74153479e+00 
 2.00000000e-06  1.74379709e+00 
 3.00000000e-06  1.74603498e+00 
 4.00000000e-06  1.74824769e+00 
 5.00000000e-06  1.75043449e+00 
 6.00000000e-06  1.75259468e+00 
 7.00000000e-06  1.75472755e+00 
 8.00000000e-06  1.75683248e+00 
 9.00000000e-06  1.75890881e+00 
 1.00000000e-05  1.76095597e+00 
 1.10000000e-05  1.76297338e+00 
 1.20000000e-05  1.76496051e+00 
 1.30000000e-05  1.76691686e+00 
 1.40000000e-05  1.76884197e+00 
 1.50000000e-05  1.77073539e+00 
 1.60000000e-05  1.77259674e+00 
 1.70000000e-05  1.77442564e+00 
 1.80000000e-05  1.77622177e+00 
 1.90000000e-05  1.77798483e+00 
 2.00000000e-05  1.77971457e+00 
 2.10000000e-05  1.78141077e+00 
 2.20000000e-05  1.78307324e+00 
 2.30000000e-05  1.78470184e+00 
 2.40000000e-05  1.78629645e+00 
 2.50000000e-05  1.78785699e+00 
 2.60000000e-05  1.78938343e+00 
 2.70000000e-05  1.79087576e+00 
 2.80000000e-05  1.79233400e+00 
 2.90000000e-05  1.79375823e+00 
 3.00000000e-05  1.79514853e+00 
 3.10000000e-05  1.79650504e+00 
 3.20000000e-05  1.79782791e+00 
 3.30000000e-05  1.79911735e+00 
 3.40000000e-05  1.80037356e+00 
 3.50000000e-05  1.80159682e+00 
 3.60000000e-05  1.80278738e+00 
 3.70000000e-05  1.80394557e+00 
 3.80000000e-05  1.80507171e+00 
 3.90000000e-05  1.80616617e+00 
 4.00000000e-05  1.80722932e+00 
 4.10000000e-05  1.80826158e+00 
 4.20000000e-05  1.80926335e+00 
 4.30000000e-05  1.81023509e+00 
 4.40000000e-05  1.81117727e+00 
 4.50000000e-05  1.81209036e+00 
 4.60000000e-05  1.81297485e+00 
 4.70000000e-05  1.81383126e+00 
 4.80000000e-05  1.81466012e+00 
 4.90000000e-05  1.81546195e+00 
 5.00000000e-05  1.81623730e+00 
 0.00000000e+00  1.74409109e+00 
 1.00000000e-06  1.74631340e+00 
 2.00000000e-06  1.74851086e+00 
 3.00000000e-06  1.75068275e+00 
 4.00000000e-06  1.75282836e+00 
 5.00000000e-06  1.75494702e+00 
 6.00000000e-06  1.75703809e+00 
 7.00000000e-06  1.75910095e+00 
 8.00000000e-06  1.76113500e+00 
 9.00000000e-06  1.76313969e+00 
 1.00000000e-05  1.76511450e+00 
 1.10000000e-05  1.76705891e+00 
 1.20000000e-05  1.76897248e+00 
 1.30000000e-05  1.77085476e+00 
 1.40000000e-05  1.77270537e+00 
 1.50000000e-05  1.77452394e+00 
 1.60000000e-05  1.77631014e+00 
 1.70000000e-05  1.77806368e+00 
 1.80000000e-05  1.77978430e+00 
 1.90000000e-05  1.78147178e+00 
 2.00000000e-05  1.78312593e+00 
 2.10000000e-05  1.78474660e+00 
 2.20000000e-05  1.78633368e+00 
 2.30000000e-05  1.78788708e+00 
 2.40000000e-05  1.78940676e+00 
 2.50000000e-05  1.79089271e+00 
 2.60000000e-05  1.79234494e+00 
 2.70000000e-05  1.79376352e+00 
 2.80000000e-05  1.79514853e+00 
 2.90000000e-05  1.79650010e+00 
 3.00000000e-05  1.79781837e+00 
 3.10000000e-05  1.79910354e+00 
 3.20000000e-05  1.80035581e+00 
 3.30000000e-05  1.80157544e+00 
 3.40000000e-05  1.80276268e+00 
 3.50000000e-05  1.80391784e+00 
 3.60000000e-05  1.80504123e+00 
 3.70000000e-05  1.80613322e+00 
 3.80000000e-05  1.80719416e+00 
 3.90000000e-05  1.80822445e+00 
 4.00000000e-05  1.80922451e+00 
 4.10000000e-05  1.81019476e+00 
 4.20000000e-05  1.81113567e+00 
 4.30000000e-05  1.81204770e+00 
 4.40000000e-05  1.81293133e+00 
 4.50000000e-05  1.81378707e+00 
 4.60000000e-05  1.81461543e+00 
 4.70000000e-05  1.81541693e+00 
 4.80000000e-05  1.81619211e+00 
 4.90000000e-05  1.81694151e+00 
 5.00000000e-05  1.81766568e+00 
 0.00000000e+00  1.74881335e+00 
 1.00000000e-06  1.75096963e+00 
 2.00000000e-06  1.75309998e+00 
 3.00000000e-06  1.75520373e+00 
 4.00000000e-06  1.75728024e+00 
 5.00000000e-06  1.75932889e+00 
 6.00000000e-06  1.76134912e+00 
 7.00000000e-06  1.76334037e+00 
 8.00000000e-06  1.76530211e+00 
 9.00000000e-06  1.76723385e+00 
 1.00000000e-05  1.76913514e+00 
 1.10000000e-05  1.77100554e+00 
 1.20000000e-05  1.77284467e+00 
 1.30000000e-05  1.77465216e+00 
 1.40000000e-05  1.77642768e+00 
 1.50000000e-05  1.77817095e+00 
 1.60000000e-05  1.77988171e+00 
 1.70000000e-05  1.78155972e+00 
 1.80000000e-05  1.78320481e+00 
 1.90000000e-05  1.78481683e+00 
 2.00000000e-05  1.78639564e+00 
 2.10000000e-05  1.78794117e+00 
 2.20000000e-05  1.78945336e+00 
 2.30000000e-05  1.79093221e+00 
 2.40000000e-05  1.79237772e+00 
 2.50000000e-05  1.79378995e+00 
 2.60000000e-05  1.79516897e+00 
 2.70000000e-05  1.79651491e+00 
 2.80000000e-05  1.79782791e+00 
 2.90000000e-05  1.79910814e+00 
 3.00000000e-05  1.80035581e+00 
 3.10000000e-05  1.80157116e+00 
 3.20000000e-05  1.80275444e+00 
 3.30000000e-05  1.80390594e+00 
 3.40000000e-05  1.80502597e+00 
 3.50000000e-05  1.80611488e+00 
 3.60000000e-05  1.80717302e+00 
 3.70000000e-05  1.80820077e+00 
 3.80000000e-05  1.80919855e+00 
 3.90000000e-05  1.81016677e+00 
 4.00000000e-05  1.81110587e+00 
 4.10000000e-05  1.81201632e+00 
 4.20000000e-05  1.81289858e+00 
 4.30000000e-05  1.81375315e+00 
 4.40000000e-05  1.81458053e+00 
 4.50000000e-05  1.81538124e+00 
 4.60000000e-05  1.81615579e+00 
 4.70000000e-05  1.81690472e+00 
 4.80000000e-05  1.81762858e+00 
 4.90000000e-05  1.81832791e+00 
 5.00000000e-05  1.81900327e+00 
 0.00000000e+00  1.75340910e+00 
 1.00000000e-06  1.75549721e+00 
 2.00000000e-06  1.75755847e+00 
 3.00000000e-06  1.75959223e+00 
 4.00000000e-06  1.76159793e+00 
 5.00000000e-06  1.76357502e+00 
 6.00000000e-06  1.76552299e+00 
 7.00000000e-06  1.76744134e+00 
 8.00000000e-06  1.76932962e+00 
 9.00000000e-06  1.77118742e+00 
 1.00000000e-05  1.77301434e+00 
 1.10000000e-05  1.77481003e+00 
 1.20000000e-05  1.77657415e+00 
 1.30000000e-05  1.77830642e+00 
 1.40000000e-05  1.78000658e+00 
 1.50000000e-05  1.78167442e+00 
 1.60000000e-05  1.78330972e+00 
 1.70000000e-05  1.78491235e+00 
 1.80000000e-05  1.78648219e+00 
 1.90000000e-05  1.78801913e+00 
 2.00000000e-05  1.78952313e+00 
 2.10000000e-05  1.79099418e+00 
 2.20000000e-05  1.79243227e+00 
 2.30000000e-05  1.79383746e+00 
 2.40000000e-05  1.79520981e+00 
 2.50000000e-05  1.79654945e+00 
 2.60000000e-05  1.79785650e+00 
 2.70000000e-05  1.79913114e+00 
 2.80000000e-05  1.80037356e+00 
 2.90000000e-05  1.80158399e+00 
 3.00000000e-05  1.80276268e+00 
 3.10000000e-05  1.80390990e+00 
 3.20000000e-05  1.80502597e+00 
 3.30000000e-05  1.80611121e+00 
 3.40000000e-05  1.80716596e+00 
 3.50000000e-05  1.80819061e+00 
 3.60000000e-05  1.80918555e+00 
 3.70000000e-05  1.81015119e+00 
 3.80000000e-05  1.81108796e+00 
 3.90000000e-05  1.81199630e+00 
 4.00000000e-05  1.81287669e+00 
 4.10000000e-05  1.81372961e+00 
 4.20000000e-05  1.81455553e+00 
 4.30000000e-05  1.81535497e+00 
 4.40000000e-05  1.81612845e+00 
 4.50000000e-05  1.81687648e+00 
 4.60000000e-05  1.81759960e+00 
 4.70000000e-05  1.81829835e+00 
 4.80000000e-05  1.81897327e+00 
 4.90000000e-05  1.81962492e+00 
 5.00000000e-05  1.82025384e+00 
 0.00000000e+00  1.75787231e+00 
 1.00000000e-06  1.75989050e+00 
 2.00000000e-06  1.76188098e+00 
 3.00000000e-06  1.76384322e+00 
 4.00000000e-06  1.76577672e+00 
 5.00000000e-06  1.76768098e+00 
 6.00000000e-06  1.76955556e+00 
 7.00000000e-06  1.77140005e+00 
 8.00000000e-06  1.77321406e+00 
 9.00000000e-06  1.77499723e+00 
 1.00000000e-05  1.77674924e+00 
 1.10000000e-05  1.77846981e+00 
 1.20000000e-05  1.78015867e+00 
 1.30000000e-05  1.78181561e+00 
 1.40000000e-05  1.78344042e+00 
 1.50000000e-05  1.78503297e+00 
 1.60000000e-05  1.78659312e+00 
 1.70000000e-05  1.78812079e+00 
 1.80000000e-05  1.78961591e+00 
 1.90000000e-05  1.79107846e+00 
 2.00000000e-05  1.79250845e+00 
 2.10000000e-05  1.79390593e+00 
 2.20000000e-05  1.79527095e+00 
 2.30000000e-05  1.79660362e+00 
 2.40000000e-05  1.79790408e+00 
 2.50000000e-05  1.79917248e+00 
 2.60000000e-05  1.80040902e+00 
 2.70000000e-05  1.80161390e+00 
 2.80000000e-05  1.80278738e+00 
 2.90000000e-05  1.80392973e+00 
 3.00000000e-05  1.80504123e+00 
 3.10000000e-05  1.80612221e+00 
 3.20000000e-05  1.80717302e+00 
 3.30000000e-05  1.80819400e+00 
 3.40000000e-05  1.80918555e+00 
 3.50000000e-05  1.81014807e+00 
 3.60000000e-05  1.81108198e+00 
 3.70000000e-05  1.81198772e+00 
 3.80000000e-05  1.81286573e+00 
 3.90000000e-05  1.81371650e+00 
 4.00000000e-05  1.81454050e+00 
 4.10000000e-05  1.81533822e+00 
 4.20000000e-05  1.81611018e+00 
 4.30000000e-05  1.81685687e+00 
 4.40000000e-05  1.81757883e+00 
 4.50000000e-05  1.81827659e+00 
 4.60000000e-05  1.81895068e+00 
 4.70000000e-05  1.81960164e+00 
 4.80000000e-05  1.82023003e+00 
 4.90000000e-05  1.82083637e+00 
 5.00000000e-05  1.82142124e+00 
 0.00000000e+00  1.76219775e+00 
 1.00000000e-06  1.76414447e+00 
 2.00000000e-06  1.76606281e+00 
 3.00000000e-06  1.76795231e+00 
 4.00000000e-06  1.76981251e+00 
 5.00000000e-06  1.77164300e+00 
 6.00000000e-06  1.77344341e+00 
 7.00000000e-06  1.77521338e+00 
 8.00000000e-06  1.77695259e+00 
 9.00000000e-06  1.77866076e+00 
 1.00000000e-05  1.78033763e+00 
 1.10000000e-05  1.78198299e+00 
 1.20000000e-05  1.78359663e+00 
 1.30000000e-05  1.78517841e+00 
 1.40000000e-05  1.78672820e+00 
 1.50000000e-05  1.78824591e+00 
 1.60000000e-05  1.78973147e+00 
 1.70000000e-05  1.79118487e+00 
 1.80000000e-05  1.79260610e+00 
 1.90000000e-05  1.79399519e+00 
 2.00000000e-05  1.79535223e+00 
 2.10000000e-05  1.79667730e+00 
 2.20000000e-05  1.79797052e+00 
 2.30000000e-05  1.79923205e+00 
 2.40000000e-05  1.80046208e+00 
 2.50000000e-05  1.80166081e+00 
 2.60000000e-05  1.80282848e+00 
 2.70000000e-05  1.80396536e+00 
 2.80000000e-05  1.80507171e+00 
 2.90000000e-05  1.80614787e+00 
 3.00000000e-05  1.80719416e+00 
 3.10000000e-05  1.80821092e+00 
 3.20000000e-05  1.80919855e+00 
 3.30000000e-05  1.81015742e+00 
 3.40000000e-05  1.81108796e+00 
 3.50000000e-05  1.81199058e+00 
 3.60000000e-05  1.81286573e+00 
 3.70000000e-05  1.81371388e+00 
 3.80000000e-05  1.81453549e+00 
 3.90000000e-05  1.81533104e+00 
 4.00000000e-05  1.81610103e+00 
 4.10000000e-05  1.81684596e+00 
 4.20000000e-05  1.81756635e+00 
 4.30000000e-05  1.81826272e+00 
 4.40000000e-05  1.81893558e+00 
 4.50000000e-05  1.81958549e+00 
 4.60000000e-05  1.82021296e+00 
 4.70000000e-05  1.82081854e+00 
 4.80000000e-05  1.82140277e+00 
 4.90000000e-05  1.82196620e+00 
 5.00000000e-05  1.82250936e+00 
 0.00000000e+00  1.76638074e+00 
 1.00000000e-06  1.76825481e+00 
 2.00000000e-06  1.77009996e+00 
 3.00000000e-06  1.77191579e+00 
 4.00000000e-06  1.77370193e+00 
 5.00000000e-06  1.77545803e+00 
 6.00000000e-06  1.77718378e+00 
 7.00000000e-06  1.77887888e+00 
 8.00000000e-06  1.78054310e+00 
 9.00000000e-06  1.78217620e+00 
 1.00000000e-05  1.78377800e+00 
 1.10000000e-05  1.78534835e+00 
 1.20000000e-05  1.78688711e+00 
 1.30000000e-05  1.78839420e+00 
 1.40000000e-05  1.78986955e+00 
 1.50000000e-05  1.79131314e+00 
 1.60000000e-05  1.79272496e+00 
 1.70000000e-05  1.79410505e+00 
 1.80000000e-05  1.79545346e+00 
 1.90000000e-05  1.79677029e+00 
 2.00000000e-05  1.79805566e+00 
 2.10000000e-05  1.79930971e+00 
 2.20000000e-05  1.80053262e+00 
 2.30000000e-05  1.80172460e+00 
 2.40000000e-05  1.80288587e+00 
 2.50000000e-05  1.80401669e+00 
 2.60000000e-05  1.80511734e+00 
 2.70000000e-05  1.80618811e+00 
 2.80000000e-05  1.80722932e+00 
 2.90000000e-05  1.80824134e+00 
 3.00000000e-05  1.80922451e+00 
 3.10000000e-05  1.81017922e+00 
 3.20000000e-05  1.81110587e+00 
 3.30000000e-05  1.81200488e+00 
 3.40000000e-05  1.81287669e+00 
 3.50000000e-05  1.81372175e+00 
 3.60000000e-05  1.81454050e+00 
 3.70000000e-05  1.81533343e+00 
 3.80000000e-05  1.81610103e+00 
 3.90000000e-05  1.81684378e+00 
 4.00000000e-05  1.81756218e+00 
 4.10000000e-05  1.81825676e+00 
 4.20000000e-05  1.81892802e+00 
 4.30000000e-05  1.81957649e+00 
 4.40000000e-05  1.82020270e+00 
 4.50000000e-05  1.82080717e+00 
 4.60000000e-05  1.82139043e+00 
 4.70000000e-05  1.82195303e+00 
 4.80000000e-05  1.82249548e+00 
 4.90000000e-05  1.82301834e+00 
 5.00000000e-05  1.82352212e+00 
 0.00000000e+00  1.77041736e+00 
 1.00000000e-06  1.77221789e+00 
 2.00000000e-06  1.77398911e+00 
 3.00000000e-06  1.77573069e+00 
 4.00000000e-06  1.77744232e+00 
 5.00000000e-06  1.77912371e+00 
 6.00000000e-06  1.78077462e+00 
 7.00000000e-06  1.78239482e+00 
 8.00000000e-06  1.78398413e+00 
 9.00000000e-06  1.78554240e+00 
 1.00000000e-05  1.78706950e+00 
 1.10000000e-05  1.78856533e+00 
 1.20000000e-05  1.79002984e+00 
 1.30000000e-05  1.79146298e+00 
 1.40000000e-05  1.79286476e+00 
 1.50000000e-05  1.79423521e+00 
 1.60000000e-05  1.79557439e+00 
 1.70000000e-05  1.79688237e+00 
 1.80000000e-05  1.79815928e+00 
 1.90000000e-05  1.79940525e+00 
 2.00000000e-05  1.80062046e+00 
 2.10000000e-05  1.80180511e+00 
 2.20000000e-05  1.80295940e+00 
 2.30000000e-05  1.80408360e+00 
 2.40000000e-05  1.80517798e+00 
 2.50000000e-05  1.80624281e+00 
 2.60000000e-05  1.80727842e+00 
 2.70000000e-05  1.80828515e+00 
 2.80000000e-05  1.80926335e+00 
 2.90000000e-05  1.81021339e+00 
 3.00000000e-05  1.81113567e+00 
 3.10000000e-05  1.81203059e+00 
 3.20000000e-05  1.81289858e+00 
 3.30000000e-05  1.81374008e+00 
 3.40000000e-05  1.81455553e+00 
 3.50000000e-05  1.81534541e+00 
 3.60000000e-05  1.81611018e+00 
 3.70000000e-05  1.81685033e+00 
 3.80000000e-05  1.81756635e+00 
 3.90000000e-05  1.81825875e+00 
 4.00000000e-05  1.81892802e+00 
 4.10000000e-05  1.81957469e+00 
 4.20000000e-05  1.82019927e+00 
 4.30000000e-05  1.82080228e+00 
 4.40000000e-05  1.82138425e+00 
 4.50000000e-05  1.82194569e+00 
 4.60000000e-05  1.82248714e+00 
 4.70000000e-05  1.82300911e+00 
 4.80000000e-05  1.82351214e+00 
 4.90000000e-05  1.82399674e+00 
 5.00000000e-05  1.82446344e+00 
 0.00000000e+00  1.77430437e+00 
 1.00000000e-06  1.77603080e+00 
 2.00000000e-06  1.77772768e+00 
 3.00000000e-06  1.77939473e+00 
 4.00000000e-06  1.78103170e+00 
 5.00000000e-06  1.78263838e+00 
 6.00000000e-06  1.78421458e+00 
 7.00000000e-06  1.78576014e+00 
 8.00000000e-06  1.78727495e+00 
 9.00000000e-06  1.78875891e+00 
 1.00000000e-05  1.79021195e+00 
 1.10000000e-05  1.79163404e+00 
 1.20000000e-05  1.79302518e+00 
 1.30000000e-05  1.79438539e+00 
 1.40000000e-05  1.79571472e+00 
 1.50000000e-05  1.79701326e+00 
 1.60000000e-05  1.79828112e+00 
 1.70000000e-05  1.79951844e+00 
 1.80000000e-05  1.80072537e+00 
 1.90000000e-05  1.80190211e+00 
 2.00000000e-05  1.80304888e+00 
 2.10000000e-05  1.80416591e+00 
 2.20000000e-05  1.80525347e+00 
 2.30000000e-05  1.80631184e+00 
 2.40000000e-05  1.80734132e+00 
 2.50000000e-05  1.80834225e+00 
 2.60000000e-05  1.80931497e+00 
 2.70000000e-05  1.81025985e+00 
 2.80000000e-05  1.81117727e+00 
 2.90000000e-05  1.81206762e+00 
 3.00000000e-05  1.81293133e+00 
 3.10000000e-05  1.81376882e+00 
 3.20000000e-05  1.81458053e+00 
 3.30000000e-05  1.81536692e+00 
 3.40000000e-05  1.81612845e+00 
 3.50000000e-05  1.81686559e+00 
 3.60000000e-05  1.81757883e+00 
 3.70000000e-05  1.81826867e+00 
 3.80000000e-05  1.81893558e+00 
 3.90000000e-05  1.81958009e+00 
 4.00000000e-05  1.82020270e+00 
 4.10000000e-05  1.82080391e+00 
 4.20000000e-05  1.82138425e+00 
 4.30000000e-05  1.82194422e+00 
 4.40000000e-05  1.82248435e+00 
 4.50000000e-05  1.82300515e+00 
 4.60000000e-05  1.82350714e+00 
 4.70000000e-05  1.82399083e+00 
 4.80000000e-05  1.82445673e+00 
 4.90000000e-05  1.82490535e+00 
 5.00000000e-05  1.82533719e+00 
 0.00000000e+00  1.77803928e+00 
 1.00000000e-06  1.77969138e+00 
 2.00000000e-06  1.78131381e+00 
 3.00000000e-06  1.78290635e+00 
 4.00000000e-06  1.78446883e+00 
 5.00000000e-06  1.78600109e+00 
 6.00000000e-06  1.78750301e+00 
 7.00000000e-06  1.78897449e+00 
 8.00000000e-06  1.79041547e+00 
 9.00000000e-06  1.79182592e+00 
 1.00000000e-05  1.79320582e+00 
 1.10000000e-05  1.79455520e+00 
 1.20000000e-05  1.79587412e+00 
 1.30000000e-05  1.79716265e+00 
 1.40000000e-05  1.79842089e+00 
 1.50000000e-05  1.79964898e+00 
 1.60000000e-05  1.80084708e+00 
 1.70000000e-05  1.80201538e+00 
 1.80000000e-05  1.80315407e+00 
 1.90000000e-05  1.80426340e+00 
 2.00000000e-05  1.80534362e+00 
 2.10000000e-05  1.80639500e+00 
 2.20000000e-05  1.80741785e+00 
 2.30000000e-05  1.80841248e+00 
 2.40000000e-05  1.80937923e+00 
 2.50000000e-05  1.81031847e+00 
 2.60000000e-05  1.81123055e+00 
 2.70000000e-05  1.81211588e+00 
 2.80000000e-05  1.81297485e+00 
 2.90000000e-05  1.81380789e+00 
 3.00000000e-05  1.81461543e+00 
 3.10000000e-05  1.81539791e+00 
 3.20000000e-05  1.81615579e+00 
 3.30000000e-05  1.81688953e+00 
 3.40000000e-05  1.81759960e+00 
 3.50000000e-05  1.81828649e+00 
 3.60000000e-05  1.81895068e+00 
 3.70000000e-05  1.81959267e+00 
 3.80000000e-05  1.82021296e+00 
 3.90000000e-05  1.82081204e+00 
 4.00000000e-05  1.82139043e+00 
 4.10000000e-05  1.82194863e+00 
 4.20000000e-05  1.82248714e+00 
 4.30000000e-05  1.82300647e+00 
 4.40000000e-05  1.82350714e+00 
 4.50000000e-05  1.82398965e+00 
 4.60000000e-05  1.82445449e+00 
 4.70000000e-05  1.82490218e+00 
 4.80000000e-05  1.82533320e+00 
 4.90000000e-05  1.82574805e+00 
 5.00000000e-05  1.82614722e+00 
 0.00000000e+00  1.78162033e+00 
 1.00000000e-06  1.78319816e+00 
 2.00000000e-06  1.78474634e+00 
 3.00000000e-06  1.78626471e+00 
 4.00000000e-06  1.78775316e+00 
 5.00000000e-06  1.78921159e+00 
 6.00000000e-06  1.79063993e+00 
 7.00000000e-06  1.79203816e+00 
 8.00000000e-06  1.79340626e+00 
 9.00000000e-06  1.79474426e+00 
 1.00000000e-05  1.79605220e+00 
 1.10000000e-05  1.79733015e+00 
 1.20000000e-05  1.79857823e+00 
 1.30000000e-05  1.79979656e+00 
 1.40000000e-05  1.80098529e+00 
 1.50000000e-05  1.80214460e+00 
 1.60000000e-05  1.80327470e+00 
 1.70000000e-05  1.80437581e+00 
 1.80000000e-05  1.80544817e+00 
 1.90000000e-05  1.80649207e+00 
 2.00000000e-05  1.80750779e+00 
 2.10000000e-05  1.80849564e+00 
 2.20000000e-05  1.80945595e+00 
 2.30000000e-05  1.81038907e+00 
 2.40000000e-05  1.81129536e+00 
 2.50000000e-05  1.81217521e+00 
 2.60000000e-05  1.81302901e+00 
 2.70000000e-05  1.81385717e+00 
 2.80000000e-05  1.81466012e+00 
 2.90000000e-05  1.81543828e+00 
 3.00000000e-05  1.81619211e+00 
 3.10000000e-05  1.81692205e+00 
 3.20000000e-05  1.81762858e+00 
 3.30000000e-05  1.81831216e+00 
 3.40000000e-05  1.81897327e+00 
 3.50000000e-05  1.81961240e+00 
 3.60000000e-05  1.82023003e+00 
 3.70000000e-05  1.82082665e+00 
 3.80000000e-05  1.82140277e+00 
 3.90000000e-05  1.82195888e+00 
 4.00000000e-05  1.82249548e+00 
 4.10000000e-05  1.82301307e+00 
 4.20000000e-05  1.82351214e+00 
 4.30000000e-05  1.82399320e+00 
 4.40000000e-05  1.82445673e+00 
 4.50000000e-05  1.82490323e+00 
 4.60000000e-05  1.82533320e+00 
 4.70000000e-05  1.82574711e+00 
 4.80000000e-05  1.82614544e+00 
 4.90000000e-05  1.82652867e+00 
 5.00000000e-05  1.82689728e+00 
 0.00000000e+00  1.78504652e+00 
 1.00000000e-06  1.78655042e+00 
 2.00000000e-06  1.78802484e+00 
 3.00000000e-06  1.78946966e+00 
 4.00000000e-06  1.79088482e+00 
 5.00000000e-06  1.79227028e+00 
 6.00000000e-06  1.79362604e+00 
 7.00000000e-06  1.79495210e+00 
 8.00000000e-06  1.79624852e+00 
 9.00000000e-06  1.79751538e+00 
 1.00000000e-05  1.79875276e+00 
 1.10000000e-05  1.79996080e+00 
 1.20000000e-05  1.80113964e+00 
 1.30000000e-05  1.80228946e+00 
 1.40000000e-05  1.80341045e+00 
 1.50000000e-05  1.80450284e+00 
 1.60000000e-05  1.80556687e+00 
 1.70000000e-05  1.80660279e+00 
 1.80000000e-05  1.80761090e+00 
 1.90000000e-05  1.80859150e+00 
 2.00000000e-05  1.80954490e+00 
 2.10000000e-05  1.81047146e+00 
 2.20000000e-05  1.81137152e+00 
 2.30000000e-05  1.81224545e+00 
 2.40000000e-05  1.81309365e+00 
 2.50000000e-05  1.81391652e+00 
 2.60000000e-05  1.81471447e+00 
 2.70000000e-05  1.81548791e+00 
 2.80000000e-05  1.81623730e+00 
 2.90000000e-05  1.81696307e+00 
 3.00000000e-05  1.81766568e+00 
 3.10000000e-05  1.81834559e+00 
 3.20000000e-05  1.81900327e+00 
 3.30000000e-05  1.81963920e+00 
 3.40000000e-05  1.82025384e+00 
 3.50000000e-05  1.82084769e+00 
 3.60000000e-05  1.82142124e+00 
 3.70000000e-05  1.82197496e+00 
 3.80000000e-05  1.82250936e+00 
 3.90000000e-05  1.82302492e+00 
 4.00000000e-05  1.82352212e+00 
 4.10000000e-05  1.82400147e+00 
 4.20000000e-05  1.82446344e+00 
 4.30000000e-05  1.82490852e+00 
 4.40000000e-05  1.82533719e+00 
 4.50000000e-05  1.82574993e+00 
 4.60000000e-05  1.82614722e+00 
 4.70000000e-05  1.82652951e+00 
 4.80000000e-05  1.82689728e+00 
 4.90000000e-05  1.82725097e+00 
 5.00000000e-05  1.82759105e+00 
