 0.00000000e+00  1.61006590e+00 
 1.00000000e-06  1.61165450e+00 
 2.00000000e-06  1.61326418e+00 
 3.00000000e-06  1.61489452e+00 
 4.00000000e-06  1.61654503e+00 
 5.00000000e-06  1.61821522e+00 
 6.00000000e-06  1.61990457e+00 
 7.00000000e-06  1.62161251e+00 
 8.00000000e-06  1.62333846e+00 
 9.00000000e-06  1.62508181e+00 
 1.00000000e-05  1.62684191e+00 
 1.10000000e-05  1.62861810e+00 
 1.20000000e-05  1.63040967e+00 
 1.30000000e-05  1.63221590e+00 
 1.40000000e-05  1.63403605e+00 
 1.50000000e-05  1.63586933e+00 
 1.60000000e-05  1.63771495e+00 
 1.70000000e-05  1.63957208e+00 
 1.80000000e-05  1.64143987e+00 
 1.90000000e-05  1.64331746e+00 
 2.00000000e-05  1.64520395e+00 
 2.10000000e-05  1.64709845e+00 
 2.20000000e-05  1.64900001e+00 
 2.30000000e-05  1.65090769e+00 
 2.40000000e-05  1.65282054e+00 
 2.50000000e-05  1.65473757e+00 
 2.60000000e-05  1.65665781e+00 
 2.70000000e-05  1.65858023e+00 
 2.80000000e-05  1.66050384e+00 
 2.90000000e-05  1.66242761e+00 
 3.00000000e-05  1.66435051e+00 
 3.10000000e-05  1.66627152e+00 
 3.20000000e-05  1.66818958e+00 
 3.30000000e-05  1.67010367e+00 
 3.40000000e-05  1.67201273e+00 
 3.50000000e-05  1.67391573e+00 
 3.60000000e-05  1.67581163e+00 
 3.70000000e-05  1.67769940e+00 
 3.80000000e-05  1.67957802e+00 
 3.90000000e-05  1.68144646e+00 
 4.00000000e-05  1.68330371e+00 
 4.10000000e-05  1.68514879e+00 
 4.20000000e-05  1.68698071e+00 
 4.30000000e-05  1.68879850e+00 
 4.40000000e-05  1.69060122e+00 
 4.50000000e-05  1.69238794e+00 
 4.60000000e-05  1.69415774e+00 
 4.70000000e-05  1.69590976e+00 
 4.80000000e-05  1.69764312e+00 
 4.90000000e-05  1.69935700e+00 
 5.00000000e-05  1.70105059e+00 
 0.00000000e+00  1.62859119e+00 
 1.00000000e-06  1.63033205e+00 
 2.00000000e-06  1.63208736e+00 
 3.00000000e-06  1.63385647e+00 
 4.00000000e-06  1.63563867e+00 
 5.00000000e-06  1.63743324e+00 
 6.00000000e-06  1.63923944e+00 
 7.00000000e-06  1.64105650e+00 
 8.00000000e-06  1.64288363e+00 
 9.00000000e-06  1.64472003e+00 
 1.00000000e-05  1.64656487e+00 
 1.10000000e-05  1.64841730e+00 
 1.20000000e-05  1.65027646e+00 
 1.30000000e-05  1.65214148e+00 
 1.40000000e-05  1.65401145e+00 
 1.50000000e-05  1.65588547e+00 
 1.60000000e-05  1.65776262e+00 
 1.70000000e-05  1.65964196e+00 
 1.80000000e-05  1.66152254e+00 
 1.90000000e-05  1.66340342e+00 
 2.00000000e-05  1.66528363e+00 
 2.10000000e-05  1.66716220e+00 
 2.20000000e-05  1.66903817e+00 
 2.30000000e-05  1.67091054e+00 
 2.40000000e-05  1.67277836e+00 
 2.50000000e-05  1.67464063e+00 
 2.60000000e-05  1.67649638e+00 
 2.70000000e-05  1.67834464e+00 
 2.80000000e-05  1.68018444e+00 
 2.90000000e-05  1.68201481e+00 
 3.00000000e-05  1.68383480e+00 
 3.10000000e-05  1.68564347e+00 
 3.20000000e-05  1.68743988e+00 
 3.30000000e-05  1.68922310e+00 
 3.40000000e-05  1.69099224e+00 
 3.50000000e-05  1.69274640e+00 
 3.60000000e-05  1.69448471e+00 
 3.70000000e-05  1.69620633e+00 
 3.80000000e-05  1.69791041e+00 
 3.90000000e-05  1.69959616e+00 
 4.00000000e-05  1.70126279e+00 
 4.10000000e-05  1.70290954e+00 
 4.20000000e-05  1.70453568e+00 
 4.30000000e-05  1.70614052e+00 
 4.40000000e-05  1.70772339e+00 
 4.50000000e-05  1.70928364e+00 
 4.60000000e-05  1.71082067e+00 
 4.70000000e-05  1.71233391e+00 
 4.80000000e-05  1.71382281e+00 
 4.90000000e-05  1.71528689e+00 
 5.00000000e-05  1.71672567e+00 
 0.00000000e+00  1.64837375e+00 
 1.00000000e-06  1.65018065e+00 
 2.00000000e-06  1.65199374e+00 
 3.00000000e-06  1.65381218e+00 
 4.00000000e-06  1.65563514e+00 
 5.00000000e-06  1.65746178e+00 
 6.00000000e-06  1.65929124e+00 
 7.00000000e-06  1.66112266e+00 
 8.00000000e-06  1.66295516e+00 
 9.00000000e-06  1.66478785e+00 
 1.00000000e-05  1.66661984e+00 
 1.10000000e-05  1.66845023e+00 
 1.20000000e-05  1.67027812e+00 
 1.30000000e-05  1.67210259e+00 
 1.40000000e-05  1.67392273e+00 
 1.50000000e-05  1.67573764e+00 
 1.60000000e-05  1.67754640e+00 
 1.70000000e-05  1.67934811e+00 
 1.80000000e-05  1.68114184e+00 
 1.90000000e-05  1.68292671e+00 
 2.00000000e-05  1.68470182e+00 
 2.10000000e-05  1.68646628e+00 
 2.20000000e-05  1.68821921e+00 
 2.30000000e-05  1.68995975e+00 
 2.40000000e-05  1.69168704e+00 
 2.50000000e-05  1.69340024e+00 
 2.60000000e-05  1.69509853e+00 
 2.70000000e-05  1.69678109e+00 
 2.80000000e-05  1.69844714e+00 
 2.90000000e-05  1.70009591e+00 
 3.00000000e-05  1.70172665e+00 
 3.10000000e-05  1.70333864e+00 
 3.20000000e-05  1.70493118e+00 
 3.30000000e-05  1.70650358e+00 
 3.40000000e-05  1.70805521e+00 
 3.50000000e-05  1.70958545e+00 
 3.60000000e-05  1.71109369e+00 
 3.70000000e-05  1.71257939e+00 
 3.80000000e-05  1.71404201e+00 
 3.90000000e-05  1.71548106e+00 
 4.00000000e-05  1.71689606e+00 
 4.10000000e-05  1.71828660e+00 
 4.20000000e-05  1.71965227e+00 
 4.30000000e-05  1.72099271e+00 
 4.40000000e-05  1.72230760e+00 
 4.50000000e-05  1.72359665e+00 
 4.60000000e-05  1.72485960e+00 
 4.70000000e-05  1.72609624e+00 
 4.80000000e-05  1.72730638e+00 
 4.90000000e-05  1.72848987e+00 
 5.00000000e-05  1.72964661e+00 
 0.00000000e+00  1.66839223e+00 
 1.00000000e-06  1.67016912e+00 
 2.00000000e-06  1.67194352e+00 
 3.00000000e-06  1.67371448e+00 
 4.00000000e-06  1.67548116e+00 
 5.00000000e-06  1.67724272e+00 
 6.00000000e-06  1.67899831e+00 
 7.00000000e-06  1.68074709e+00 
 8.00000000e-06  1.68248821e+00 
 9.00000000e-06  1.68422085e+00 
 1.00000000e-05  1.68594417e+00 
 1.10000000e-05  1.68765734e+00 
 1.20000000e-05  1.68935956e+00 
 1.30000000e-05  1.69105001e+00 
 1.40000000e-05  1.69272789e+00 
 1.50000000e-05  1.69439243e+00 
 1.60000000e-05  1.69604286e+00 
 1.70000000e-05  1.69767841e+00 
 1.80000000e-05  1.69929834e+00 
 1.90000000e-05  1.70090194e+00 
 2.00000000e-05  1.70248851e+00 
 2.10000000e-05  1.70405735e+00 
 2.20000000e-05  1.70560781e+00 
 2.30000000e-05  1.70713925e+00 
 2.40000000e-05  1.70865105e+00 
 2.50000000e-05  1.71014262e+00 
 2.60000000e-05  1.71161341e+00 
 2.70000000e-05  1.71306287e+00 
 2.80000000e-05  1.71449048e+00 
 2.90000000e-05  1.71589579e+00 
 3.00000000e-05  1.71727832e+00 
 3.10000000e-05  1.71863767e+00 
 3.20000000e-05  1.71997343e+00 
 3.30000000e-05  1.72128527e+00 
 3.40000000e-05  1.72257284e+00 
 3.50000000e-05  1.72383586e+00 
 3.60000000e-05  1.72507407e+00 
 3.70000000e-05  1.72628724e+00 
 3.80000000e-05  1.72747517e+00 
 3.90000000e-05  1.72863771e+00 
 4.00000000e-05  1.72977473e+00 
 4.10000000e-05  1.73088613e+00 
 4.20000000e-05  1.73197186e+00 
 4.30000000e-05  1.73303188e+00 
 4.40000000e-05  1.73406619e+00 
 4.50000000e-05  1.73507482e+00 
 4.60000000e-05  1.73605785e+00 
 4.70000000e-05  1.73701537e+00 
 4.80000000e-05  1.73794750e+00 
 4.90000000e-05  1.73885438e+00 
 5.00000000e-05  1.73973621e+00 
 0.00000000e+00  1.68758876e+00 
 1.00000000e-06  1.68924395e+00 
 2.00000000e-06  1.69088878e+00 
 3.00000000e-06  1.69252234e+00 
 4.00000000e-06  1.69414387e+00 
 5.00000000e-06  1.69575267e+00 
 6.00000000e-06  1.69734801e+00 
 7.00000000e-06  1.69892921e+00 
 8.00000000e-06  1.70049557e+00 
 9.00000000e-06  1.70204643e+00 
 1.00000000e-05  1.70358114e+00 
 1.10000000e-05  1.70509907e+00 
 1.20000000e-05  1.70659959e+00 
 1.30000000e-05  1.70808211e+00 
 1.40000000e-05  1.70954607e+00 
 1.50000000e-05  1.71099090e+00 
 1.60000000e-05  1.71241608e+00 
 1.70000000e-05  1.71382111e+00 
 1.80000000e-05  1.71520551e+00 
 1.90000000e-05  1.71656882e+00 
 2.00000000e-05  1.71791061e+00 
 2.10000000e-05  1.71923049e+00 
 2.20000000e-05  1.72052809e+00 
 2.30000000e-05  1.72180305e+00 
 2.40000000e-05  1.72305508e+00 
 2.50000000e-05  1.72428387e+00 
 2.60000000e-05  1.72548919e+00 
 2.70000000e-05  1.72667079e+00 
 2.80000000e-05  1.72782849e+00 
 2.90000000e-05  1.72896211e+00 
 3.00000000e-05  1.73007154e+00 
 3.10000000e-05  1.73115665e+00 
 3.20000000e-05  1.73221738e+00 
 3.30000000e-05  1.73325368e+00 
 3.40000000e-05  1.73426553e+00 
 3.50000000e-05  1.73525295e+00 
 3.60000000e-05  1.73621598e+00 
 3.70000000e-05  1.73715468e+00 
 3.80000000e-05  1.73806916e+00 
 3.90000000e-05  1.73895953e+00 
 4.00000000e-05  1.73982594e+00 
 4.10000000e-05  1.74066857e+00 
 4.20000000e-05  1.74148762e+00 
 4.30000000e-05  1.74228330e+00 
 4.40000000e-05  1.74305586e+00 
 4.50000000e-05  1.74380556e+00 
 4.60000000e-05  1.74453267e+00 
 4.70000000e-05  1.74523752e+00 
 4.80000000e-05  1.74592040e+00 
 4.90000000e-05  1.74658167e+00 
 5.00000000e-05  1.74722166e+00 
 0.00000000e+00  1.70502462e+00 
 1.00000000e-06  1.70648442e+00 
 2.00000000e-06  1.70792772e+00 
 3.00000000e-06  1.70935397e+00 
 4.00000000e-06  1.71076265e+00 
 5.00000000e-06  1.71215324e+00 
 6.00000000e-06  1.71352525e+00 
 7.00000000e-06  1.71487824e+00 
 8.00000000e-06  1.71621175e+00 
 9.00000000e-06  1.71752536e+00 
 1.00000000e-05  1.71881868e+00 
 1.10000000e-05  1.72009133e+00 
 1.20000000e-05  1.72134298e+00 
 1.30000000e-05  1.72257330e+00 
 1.40000000e-05  1.72378199e+00 
 1.50000000e-05  1.72496879e+00 
 1.60000000e-05  1.72613345e+00 
 1.70000000e-05  1.72727576e+00 
 1.80000000e-05  1.72839552e+00 
 1.90000000e-05  1.72949259e+00 
 2.00000000e-05  1.73056683e+00 
 2.10000000e-05  1.73161812e+00 
 2.20000000e-05  1.73264639e+00 
 2.30000000e-05  1.73365158e+00 
 2.40000000e-05  1.73463367e+00 
 2.50000000e-05  1.73559267e+00 
 2.60000000e-05  1.73652859e+00 
 2.70000000e-05  1.73744148e+00 
 2.80000000e-05  1.73833143e+00 
 2.90000000e-05  1.73919853e+00 
 3.00000000e-05  1.74004291e+00 
 3.10000000e-05  1.74086471e+00 
 3.20000000e-05  1.74166411e+00 
 3.30000000e-05  1.74244129e+00 
 3.40000000e-05  1.74319647e+00 
 3.50000000e-05  1.74392987e+00 
 3.60000000e-05  1.74464175e+00 
 3.70000000e-05  1.74533238e+00 
 3.80000000e-05  1.74600204e+00 
 3.90000000e-05  1.74665102e+00 
 4.00000000e-05  1.74727965e+00 
 4.10000000e-05  1.74788825e+00 
 4.20000000e-05  1.74847717e+00 
 4.30000000e-05  1.74904675e+00 
 4.40000000e-05  1.74959737e+00 
 4.50000000e-05  1.75012938e+00 
 4.60000000e-05  1.75064319e+00 
 4.70000000e-05  1.75113916e+00 
 4.80000000e-05  1.75161771e+00 
 4.90000000e-05  1.75207922e+00 
 5.00000000e-05  1.75252412e+00 
