 0.00000000e+00  1.65763748e+00 
 1.00000000e-10  1.65764328e+00 
 2.00000000e-10  1.65764763e+00 
 4.00000000e-10  1.65765403e+00 
 8.00000000e-10  1.65765786e+00 
 1.60000000e-09  1.65765337e+00 
 3.20000000e-09  1.65764231e+00 
 6.40000000e-09  1.65763664e+00 
 1.28000000e-08  1.65763753e+00 
 2.28000000e-08  1.65763718e+00 
 3.28000000e-08  1.65763727e+00 
 4.28000000e-08  1.65763726e+00 
 5.28000000e-08  1.65763728e+00 
 6.28000000e-08  1.65763722e+00 
 7.28000000e-08  1.65763730e+00 
 8.28000000e-08  1.65763723e+00 
 9.28000000e-08  1.65763728e+00 
 1.02800000e-07  1.65763725e+00 
 1.12800000e-07  1.65763727e+00 
 1.22800000e-07  1.65763725e+00 
 1.32800000e-07  1.65763727e+00 
 1.42800000e-07  1.65763726e+00 
 1.52800000e-07  1.65763726e+00 
 1.62800000e-07  1.65763726e+00 
 1.72800000e-07  1.65763726e+00 
 1.82800000e-07  1.65763726e+00 
 1.92800000e-07  1.65763726e+00 
 2.02800000e-07  1.65763726e+00 
 2.12800000e-07  1.65763726e+00 
 2.22800000e-07  1.65763726e+00 
 2.32800000e-07  1.65763726e+00 
 2.42800000e-07  1.65763726e+00 
 2.52800000e-07  1.65763726e+00 
 2.62800000e-07  1.65763726e+00 
 2.72800000e-07  1.65763726e+00 
 2.82800000e-07  1.65763726e+00 
 2.92800000e-07  1.65763726e+00 
 3.02800000e-07  1.65763726e+00 
 3.12800000e-07  1.65763726e+00 
 3.22800000e-07  1.65763726e+00 
 3.32800000e-07  1.65763726e+00 
 3.42800000e-07  1.65763726e+00 
 3.52800000e-07  1.65763726e+00 
 3.62800000e-07  1.65763726e+00 
 3.72800000e-07  1.65763726e+00 
 3.82800000e-07  1.65763726e+00 
 3.92800000e-07  1.65763726e+00 
 4.02800000e-07  1.65763726e+00 
 4.12800000e-07  1.65763726e+00 
 4.22800000e-07  1.65763726e+00 
 4.32800000e-07  1.65763726e+00 
 4.42800000e-07  1.65763726e+00 
 4.52800000e-07  1.65763726e+00 
 4.62800000e-07  1.65763726e+00 
 4.72800000e-07  1.65763726e+00 
 4.82800000e-07  1.65763726e+00 
 4.92800000e-07  1.65763726e+00 
 5.02800000e-07  1.65763726e+00 
 5.12800000e-07  1.65763726e+00 
 5.22800000e-07  1.65763726e+00 
 5.32800000e-07  1.65763726e+00 
 5.42800000e-07  1.65763726e+00 
 5.52800000e-07  1.65763726e+00 
 5.62800000e-07  1.65763726e+00 
 5.72800000e-07  1.65763726e+00 
 5.82800000e-07  1.65763726e+00 
 5.92800000e-07  1.65763726e+00 
 6.02800000e-07  1.65763726e+00 
 6.12800000e-07  1.65763726e+00 
 6.22800000e-07  1.65763726e+00 
 6.32800000e-07  1.65763726e+00 
 6.42800000e-07  1.65763726e+00 
 6.52800000e-07  1.65763726e+00 
 6.62800000e-07  1.65763726e+00 
 6.72800000e-07  1.65763726e+00 
 6.82800000e-07  1.65763726e+00 
 6.92800000e-07  1.65763726e+00 
 7.02800000e-07  1.65763726e+00 
 7.12800000e-07  1.65763726e+00 
 7.22800000e-07  1.65763726e+00 
 7.32800000e-07  1.65763726e+00 
 7.42800000e-07  1.65763726e+00 
 7.52800000e-07  1.65763726e+00 
 7.62800000e-07  1.65763726e+00 
 7.72800000e-07  1.65763726e+00 
 7.82800000e-07  1.65763726e+00 
 7.92800000e-07  1.65763726e+00 
 8.02800000e-07  1.65763726e+00 
 8.12800000e-07  1.65763726e+00 
 8.22800000e-07  1.65763726e+00 
 8.32800000e-07  1.65763726e+00 
 8.42800000e-07  1.65763726e+00 
 8.52800000e-07  1.65763726e+00 
 8.62800000e-07  1.65763726e+00 
 8.72800000e-07  1.65763726e+00 
 8.82800000e-07  1.65763726e+00 
 8.92800000e-07  1.65763726e+00 
 9.02800000e-07  1.65763726e+00 
 9.12800000e-07  1.65763726e+00 
 9.22800000e-07  1.65763726e+00 
 9.32800000e-07  1.65763726e+00 
 9.42800000e-07  1.65763726e+00 
 9.52800000e-07  1.65763726e+00 
 9.62800000e-07  1.65763726e+00 
 9.72800000e-07  1.65763726e+00 
 9.82800000e-07  1.65763726e+00 
 9.91400000e-07  1.65763726e+00 
 1.00000000e-06  1.65763726e+00 
 1.00100000e-06  1.65763726e+00 
 1.00300000e-06  1.65763726e+00 
 1.00650000e-06  1.65763726e+00 
 1.01000000e-06  1.65763726e+00 
 1.01070000e-06  1.65763726e+00 
 1.01210000e-06  1.65763726e+00 
 1.01490000e-06  1.65763726e+00 
 1.02050000e-06  1.65763726e+00 
 1.03050000e-06  1.65763726e+00 
 1.04050000e-06  1.65763726e+00 
 1.05050000e-06  1.65763727e+00 
 1.06050000e-06  1.65763726e+00 
 1.07050000e-06  1.65763727e+00 
 1.08050000e-06  1.65763727e+00 
 1.09050000e-06  1.65763727e+00 
 1.10050000e-06  1.65763728e+00 
 1.11050000e-06  1.65763728e+00 
 1.12050000e-06  1.65763729e+00 
 1.13050000e-06  1.65763730e+00 
 1.14050000e-06  1.65763731e+00 
 1.15050000e-06  1.65763733e+00 
 1.16050000e-06  1.65763735e+00 
 1.17050000e-06  1.65763738e+00 
 1.18050000e-06  1.65763742e+00 
 1.19050000e-06  1.65763748e+00 
 1.20050000e-06  1.65763755e+00 
 1.21050000e-06  1.65763764e+00 
 1.22050000e-06  1.65763776e+00 
 1.23050000e-06  1.65763792e+00 
 1.24050000e-06  1.65763813e+00 
 1.25050000e-06  1.65763840e+00 
 1.26050000e-06  1.65763875e+00 
 1.27050000e-06  1.65763922e+00 
 1.28050000e-06  1.65763982e+00 
 1.29050000e-06  1.65764061e+00 
 1.30050000e-06  1.65764164e+00 
 1.31050000e-06  1.65764297e+00 
 1.32050000e-06  1.65764470e+00 
 1.33050000e-06  1.65764695e+00 
 1.34050000e-06  1.65764986e+00 
 1.35050000e-06  1.65765362e+00 
 1.36050000e-06  1.65765846e+00 
 1.37050000e-06  1.65766470e+00 
 1.38050000e-06  1.65767270e+00 
 1.39050000e-06  1.65768295e+00 
 1.40050000e-06  1.65769604e+00 
 1.41050000e-06  1.65771269e+00 
 1.42050000e-06  1.65773381e+00 
 1.43050000e-06  1.65776051e+00 
 1.44050000e-06  1.65779413e+00 
 1.45050000e-06  1.65783630e+00 
 1.46050000e-06  1.65788897e+00 
 1.47050000e-06  1.65795447e+00 
 1.48050000e-06  1.65803556e+00 
 1.49050000e-06  1.65813547e+00 
 1.50050000e-06  1.65825798e+00 
 1.51050000e-06  1.65840741e+00 
 1.52050000e-06  1.65858869e+00 
 1.53050000e-06  1.65880735e+00 
 1.54050000e-06  1.65906950e+00 
 1.55050000e-06  1.65938175e+00 
 1.56050000e-06  1.65975112e+00 
 1.57050000e-06  1.66018488e+00 
 1.58050000e-06  1.66069041e+00 
 1.59050000e-06  1.66127489e+00 
 1.60050000e-06  1.66194515e+00 
 1.61050000e-06  1.66270732e+00 
 1.62050000e-06  1.66356665e+00 
 1.63050000e-06  1.66452725e+00 
 1.64050000e-06  1.66559186e+00 
 1.65050000e-06  1.66676172e+00 
 1.66050000e-06  1.66803644e+00 
 1.67050000e-06  1.66941391e+00 
 1.68050000e-06  1.67089037e+00 
 1.69050000e-06  1.67246040e+00 
 1.70050000e-06  1.67411707e+00 
 1.71050000e-06  1.67585209e+00 
 1.72050000e-06  1.67765602e+00 
 1.73050000e-06  1.67951851e+00 
 1.74050000e-06  1.68142855e+00 
 1.75050000e-06  1.68337473e+00 
 1.76050000e-06  1.68534552e+00 
 1.77050000e-06  1.68732949e+00 
 1.78050000e-06  1.68931557e+00 
 1.79050000e-06  1.69129322e+00 
 1.80050000e-06  1.69325262e+00 
 1.81050000e-06  1.69518475e+00 
 1.82050000e-06  1.69708156e+00 
 1.83050000e-06  1.69893596e+00 
 1.84050000e-06  1.70074186e+00 
 1.85050000e-06  1.70249420e+00 
 1.86050000e-06  1.70418888e+00 
 1.87050000e-06  1.70582272e+00 
 1.88050000e-06  1.70739344e+00 
 1.89050000e-06  1.70889950e+00 
 1.90050000e-06  1.71034012e+00 
 1.91050000e-06  1.71171513e+00 
 1.92050000e-06  1.71302490e+00 
 1.93050000e-06  1.71427028e+00 
 1.94050000e-06  1.71545251e+00 
 1.95050000e-06  1.71657312e+00 
 1.96050000e-06  1.71763394e+00 
 1.97050000e-06  1.71863696e+00 
 1.98050000e-06  1.71958433e+00 
 1.99050000e-06  1.72047829e+00 
 2.00050000e-06  1.72132115e+00 
 2.01050000e-06  1.72211525e+00 
 2.02050000e-06  1.72286292e+00 
 2.03050000e-06  1.72356647e+00 
 2.04050000e-06  1.72422818e+00 
 2.05050000e-06  1.72485025e+00 
 2.06050000e-06  1.72543486e+00 
 2.07050000e-06  1.72598406e+00 
 2.08050000e-06  1.72649987e+00 
 2.09050000e-06  1.72698419e+00 
 2.10050000e-06  1.72743887e+00 
 2.11050000e-06  1.72786563e+00 
 2.12050000e-06  1.72826613e+00 
 2.13050000e-06  1.72864195e+00 
 2.14050000e-06  1.72899458e+00 
 2.15050000e-06  1.72932541e+00 
 2.16050000e-06  1.72963578e+00 
 2.17050000e-06  1.72992694e+00 
 2.18050000e-06  1.73020007e+00 
 2.19050000e-06  1.73045628e+00 
 2.20050000e-06  1.73069661e+00 
 2.21050000e-06  1.73092205e+00 
 2.22050000e-06  1.73113352e+00 
 2.23050000e-06  1.73133189e+00 
 2.24050000e-06  1.73151797e+00 
 2.25050000e-06  1.73169252e+00 
 2.26050000e-06  1.73185626e+00 
 2.27050000e-06  1.73200986e+00 
 2.28050000e-06  1.73215396e+00 
 2.29050000e-06  1.73228914e+00 
 2.30050000e-06  1.73241596e+00 
 2.31050000e-06  1.73253494e+00 
 2.32050000e-06  1.73264657e+00 
 2.33050000e-06  1.73275130e+00 
 2.34050000e-06  1.73284956e+00 
 2.35050000e-06  1.73294175e+00 
 2.36050000e-06  1.73302826e+00 
 2.37050000e-06  1.73310943e+00 
 2.38050000e-06  1.73318559e+00 
 2.39050000e-06  1.73325706e+00 
 2.40050000e-06  1.73332413e+00 
 2.41050000e-06  1.73338706e+00 
 2.42050000e-06  1.73344612e+00 
 2.43050000e-06  1.73350154e+00 
 2.44050000e-06  1.73355355e+00 
 2.45050000e-06  1.73360236e+00 
 2.46050000e-06  1.73364817e+00 
 2.47050000e-06  1.73369116e+00 
 2.48050000e-06  1.73373150e+00 
 2.49050000e-06  1.73376937e+00 
 2.50050000e-06  1.73380491e+00 
 2.51050000e-06  1.73383826e+00 
 2.52050000e-06  1.73386957e+00 
 2.53050000e-06  1.73389895e+00 
 2.54050000e-06  1.73392653e+00 
 2.55050000e-06  1.73395241e+00 
 2.56050000e-06  1.73397671e+00 
 2.57050000e-06  1.73399951e+00 
 2.58050000e-06  1.73402092e+00 
 2.59050000e-06  1.73404101e+00 
 2.60050000e-06  1.73405987e+00 
 2.61050000e-06  1.73407757e+00 
 2.62050000e-06  1.73409419e+00 
 2.63050000e-06  1.73410978e+00 
 2.64050000e-06  1.73412442e+00 
 2.65050000e-06  1.73413817e+00 
 2.66050000e-06  1.73415107e+00 
 2.67050000e-06  1.73416317e+00 
 2.68050000e-06  1.73417454e+00 
 2.69050000e-06  1.73418521e+00 
 2.70050000e-06  1.73419523e+00 
 2.71050000e-06  1.73420463e+00 
 2.72050000e-06  1.73421345e+00 
 2.73050000e-06  1.73422174e+00 
 2.74050000e-06  1.73422951e+00 
 2.75050000e-06  1.73423681e+00 
 2.76050000e-06  1.73424367e+00 
 2.77050000e-06  1.73425010e+00 
 2.78050000e-06  1.73425614e+00 
 2.79050000e-06  1.73426181e+00 
 2.80050000e-06  1.73426713e+00 
 2.81050000e-06  1.73427213e+00 
 2.82050000e-06  1.73427681e+00 
 2.83050000e-06  1.73428122e+00 
 2.84050000e-06  1.73428535e+00 
 2.85050000e-06  1.73428923e+00 
 2.86050000e-06  1.73429287e+00 
 2.87050000e-06  1.73429629e+00 
 2.88050000e-06  1.73429950e+00 
 2.89050000e-06  1.73430251e+00 
 2.90050000e-06  1.73430534e+00 
 2.91050000e-06  1.73430799e+00 
 2.92050000e-06  1.73431049e+00 
 2.93050000e-06  1.73431283e+00 
 2.94050000e-06  1.73431502e+00 
 2.95050000e-06  1.73431708e+00 
 2.96050000e-06  1.73431902e+00 
 2.97050000e-06  1.73432084e+00 
 2.98050000e-06  1.73432254e+00 
 2.99050000e-06  1.73432415e+00 
 3.00050000e-06  1.73432565e+00 
 3.01050000e-06  1.73432706e+00 
 3.02050000e-06  1.73432838e+00 
 3.03050000e-06  1.73432963e+00 
 3.04050000e-06  1.73433080e+00 
 3.05050000e-06  1.73433189e+00 
 3.06050000e-06  1.73433292e+00 
 3.07050000e-06  1.73433389e+00 
 3.08050000e-06  1.73433479e+00 
 3.09050000e-06  1.73433564e+00 
 3.10050000e-06  1.73433644e+00 
 3.11050000e-06  1.73433719e+00 
 3.12050000e-06  1.73433790e+00 
 3.13050000e-06  1.73433856e+00 
 3.14050000e-06  1.73433918e+00 
 3.15050000e-06  1.73433976e+00 
 3.16050000e-06  1.73434031e+00 
 3.17050000e-06  1.73434082e+00 
 3.18050000e-06  1.73434130e+00 
 3.19050000e-06  1.73434176e+00 
 3.20050000e-06  1.73434218e+00 
 3.21050000e-06  1.73434258e+00 
 3.22050000e-06  1.73434296e+00 
 3.23050000e-06  1.73434331e+00 
 3.24050000e-06  1.73434364e+00 
 3.25050000e-06  1.73434395e+00 
 3.26050000e-06  1.73434424e+00 
 3.27050000e-06  1.73434451e+00 
 3.28050000e-06  1.73434477e+00 
 3.29050000e-06  1.73434501e+00 
 3.30050000e-06  1.73434523e+00 
 3.31050000e-06  1.73434544e+00 
 3.32050000e-06  1.73434564e+00 
 3.33050000e-06  1.73434583e+00 
 3.34050000e-06  1.73434601e+00 
 3.35050000e-06  1.73434617e+00 
 3.36050000e-06  1.73434632e+00 
 3.37050000e-06  1.73434647e+00 
 3.38050000e-06  1.73434661e+00 
 3.39050000e-06  1.73434673e+00 
 3.40050000e-06  1.73434685e+00 
 3.41050000e-06  1.73434697e+00 
 3.42050000e-06  1.73434707e+00 
 3.43050000e-06  1.73434717e+00 
 3.44050000e-06  1.73434727e+00 
 3.45050000e-06  1.73434735e+00 
 3.46050000e-06  1.73434743e+00 
 3.47050000e-06  1.73434751e+00 
 3.48050000e-06  1.73434758e+00 
 3.49050000e-06  1.73434765e+00 
 3.50050000e-06  1.73434772e+00 
 3.51050000e-06  1.73434778e+00 
 3.52050000e-06  1.73434783e+00 
 3.53050000e-06  1.73434789e+00 
 3.54050000e-06  1.73434793e+00 
 3.55050000e-06  1.73434798e+00 
 3.56050000e-06  1.73434803e+00 
 3.57050000e-06  1.73434807e+00 
 3.58050000e-06  1.73434810e+00 
 3.59050000e-06  1.73434814e+00 
 3.60050000e-06  1.73434817e+00 
 3.61050000e-06  1.73434821e+00 
 3.62050000e-06  1.73434824e+00 
 3.63050000e-06  1.73434826e+00 
 3.64050000e-06  1.73434829e+00 
 3.65050000e-06  1.73434832e+00 
 3.66050000e-06  1.73434834e+00 
 3.67050000e-06  1.73434836e+00 
 3.68050000e-06  1.73434838e+00 
 3.69050000e-06  1.73434840e+00 
 3.70050000e-06  1.73434842e+00 
 3.71050000e-06  1.73434844e+00 
 3.72050000e-06  1.73434845e+00 
 3.73050000e-06  1.73434847e+00 
 3.74050000e-06  1.73434848e+00 
 3.75050000e-06  1.73434849e+00 
 3.76050000e-06  1.73434851e+00 
 3.77050000e-06  1.73434852e+00 
 3.78050000e-06  1.73434853e+00 
 3.79050000e-06  1.73434854e+00 
 3.80050000e-06  1.73434855e+00 
 3.81050000e-06  1.73434856e+00 
 3.82050000e-06  1.73434857e+00 
 3.83050000e-06  1.73434857e+00 
 3.84050000e-06  1.73434858e+00 
 3.85050000e-06  1.73434859e+00 
 3.86050000e-06  1.73434859e+00 
 3.87050000e-06  1.73434860e+00 
 3.88050000e-06  1.73434861e+00 
 3.89050000e-06  1.73434861e+00 
 3.90050000e-06  1.73434862e+00 
 3.91050000e-06  1.73434862e+00 
 3.92050000e-06  1.73434863e+00 
 3.93050000e-06  1.73434863e+00 
 3.94050000e-06  1.73434863e+00 
 3.95050000e-06  1.73434864e+00 
 3.96050000e-06  1.73434864e+00 
 3.97050000e-06  1.73434864e+00 
 3.98050000e-06  1.73434865e+00 
 3.99050000e-06  1.73434865e+00 
 4.00050000e-06  1.73434865e+00 
 4.01050000e-06  1.73434866e+00 
 4.02050000e-06  1.73434866e+00 
 4.03050000e-06  1.73434866e+00 
 4.04050000e-06  1.73434866e+00 
 4.05050000e-06  1.73434866e+00 
 4.06050000e-06  1.73434867e+00 
 4.07050000e-06  1.73434867e+00 
 4.08050000e-06  1.73434867e+00 
 4.09050000e-06  1.73434867e+00 
 4.10050000e-06  1.73434867e+00 
 4.11050000e-06  1.73434867e+00 
 4.12050000e-06  1.73434868e+00 
 4.13050000e-06  1.73434868e+00 
 4.14050000e-06  1.73434868e+00 
 4.15050000e-06  1.73434868e+00 
 4.16050000e-06  1.73434868e+00 
 4.17050000e-06  1.73434868e+00 
 4.18050000e-06  1.73434868e+00 
 4.19050000e-06  1.73434868e+00 
 4.20050000e-06  1.73434868e+00 
 4.21050000e-06  1.73434868e+00 
 4.22050000e-06  1.73434868e+00 
 4.23050000e-06  1.73434869e+00 
 4.24050000e-06  1.73434869e+00 
 4.25050000e-06  1.73434869e+00 
 4.26050000e-06  1.73434869e+00 
 4.27050000e-06  1.73434869e+00 
 4.28050000e-06  1.73434869e+00 
 4.29050000e-06  1.73434869e+00 
 4.30050000e-06  1.73434869e+00 
 4.31050000e-06  1.73434869e+00 
 4.32050000e-06  1.73434869e+00 
 4.33050000e-06  1.73434869e+00 
 4.34050000e-06  1.73434869e+00 
 4.35050000e-06  1.73434869e+00 
 4.36050000e-06  1.73434869e+00 
 4.37050000e-06  1.73434869e+00 
 4.38050000e-06  1.73434869e+00 
 4.39050000e-06  1.73434869e+00 
 4.40050000e-06  1.73434869e+00 
 4.41050000e-06  1.73434869e+00 
 4.42050000e-06  1.73434869e+00 
 4.43050000e-06  1.73434869e+00 
 4.44050000e-06  1.73434869e+00 
 4.45050000e-06  1.73434869e+00 
 4.46050000e-06  1.73434869e+00 
 4.47050000e-06  1.73434869e+00 
 4.48050000e-06  1.73434869e+00 
 4.49050000e-06  1.73434869e+00 
 4.50050000e-06  1.73434869e+00 
 4.51050000e-06  1.73434869e+00 
 4.52050000e-06  1.73434869e+00 
 4.53050000e-06  1.73434869e+00 
 4.54050000e-06  1.73434869e+00 
 4.55050000e-06  1.73434869e+00 
 4.56050000e-06  1.73434869e+00 
 4.57050000e-06  1.73434869e+00 
 4.58050000e-06  1.73434869e+00 
 4.59050000e-06  1.73434869e+00 
 4.60050000e-06  1.73434869e+00 
 4.61050000e-06  1.73434869e+00 
 4.62050000e-06  1.73434869e+00 
 4.63050000e-06  1.73434869e+00 
 4.64050000e-06  1.73434869e+00 
 4.65050000e-06  1.73434869e+00 
 4.66050000e-06  1.73434869e+00 
 4.67050000e-06  1.73434869e+00 
 4.68050000e-06  1.73434869e+00 
 4.69050000e-06  1.73434869e+00 
 4.70050000e-06  1.73434869e+00 
 4.71050000e-06  1.73434869e+00 
 4.72050000e-06  1.73434869e+00 
 4.73050000e-06  1.73434869e+00 
 4.74050000e-06  1.73434869e+00 
 4.75050000e-06  1.73434869e+00 
 4.76050000e-06  1.73434869e+00 
 4.77050000e-06  1.73434869e+00 
 4.78050000e-06  1.73434869e+00 
 4.79050000e-06  1.73434869e+00 
 4.80050000e-06  1.73434869e+00 
 4.81050000e-06  1.73434869e+00 
 4.82050000e-06  1.73434869e+00 
 4.83050000e-06  1.73434869e+00 
 4.84050000e-06  1.73434869e+00 
 4.85050000e-06  1.73434869e+00 
 4.86050000e-06  1.73434869e+00 
 4.87050000e-06  1.73434869e+00 
 4.88050000e-06  1.73434869e+00 
 4.89050000e-06  1.73434869e+00 
 4.90050000e-06  1.73434869e+00 
 4.91050000e-06  1.73434869e+00 
 4.92050000e-06  1.73434869e+00 
 4.93050000e-06  1.73434869e+00 
 4.94050000e-06  1.73434869e+00 
 4.95050000e-06  1.73434869e+00 
 4.96050000e-06  1.73434869e+00 
 4.97050000e-06  1.73434869e+00 
 4.98050000e-06  1.73434869e+00 
 4.99050000e-06  1.73434869e+00 
 5.00050000e-06  1.73434869e+00 
 5.01050000e-06  1.73434869e+00 
 5.02050000e-06  1.73434869e+00 
 5.03050000e-06  1.73434869e+00 
 5.04050000e-06  1.73434869e+00 
 5.05050000e-06  1.73434869e+00 
 5.06050000e-06  1.73434869e+00 
 5.07050000e-06  1.73434869e+00 
 5.08050000e-06  1.73434869e+00 
 5.09050000e-06  1.73434869e+00 
 5.10050000e-06  1.73434869e+00 
 5.11050000e-06  1.73434869e+00 
 5.12050000e-06  1.73434869e+00 
 5.13050000e-06  1.73434869e+00 
 5.14050000e-06  1.73434869e+00 
 5.15050000e-06  1.73434869e+00 
 5.16050000e-06  1.73434869e+00 
 5.17050000e-06  1.73434869e+00 
 5.18050000e-06  1.73434869e+00 
 5.19050000e-06  1.73434869e+00 
 5.20050000e-06  1.73434869e+00 
 5.21050000e-06  1.73434869e+00 
 5.22050000e-06  1.73434869e+00 
 5.23050000e-06  1.73434869e+00 
 5.24050000e-06  1.73434869e+00 
 5.25050000e-06  1.73434869e+00 
 5.26050000e-06  1.73434869e+00 
 5.27050000e-06  1.73434869e+00 
 5.28050000e-06  1.73434869e+00 
 5.29050000e-06  1.73434869e+00 
 5.30050000e-06  1.73434869e+00 
 5.31050000e-06  1.73434869e+00 
 5.32050000e-06  1.73434869e+00 
 5.33050000e-06  1.73434869e+00 
 5.34050000e-06  1.73434869e+00 
 5.35050000e-06  1.73434869e+00 
 5.36050000e-06  1.73434869e+00 
 5.37050000e-06  1.73434869e+00 
 5.38050000e-06  1.73434869e+00 
 5.39050000e-06  1.73434869e+00 
 5.40050000e-06  1.73434869e+00 
 5.41050000e-06  1.73434869e+00 
 5.42050000e-06  1.73434869e+00 
 5.43050000e-06  1.73434869e+00 
 5.44050000e-06  1.73434869e+00 
 5.45050000e-06  1.73434869e+00 
 5.46050000e-06  1.73434869e+00 
 5.47050000e-06  1.73434869e+00 
 5.48050000e-06  1.73434869e+00 
 5.49050000e-06  1.73434869e+00 
 5.50050000e-06  1.73434869e+00 
 5.51050000e-06  1.73434869e+00 
 5.52050000e-06  1.73434869e+00 
 5.53050000e-06  1.73434869e+00 
 5.54050000e-06  1.73434869e+00 
 5.55050000e-06  1.73434869e+00 
 5.56050000e-06  1.73434869e+00 
 5.57050000e-06  1.73434869e+00 
 5.58050000e-06  1.73434869e+00 
 5.59050000e-06  1.73434869e+00 
 5.60050000e-06  1.73434869e+00 
 5.61050000e-06  1.73434869e+00 
 5.62050000e-06  1.73434869e+00 
 5.63050000e-06  1.73434869e+00 
 5.64050000e-06  1.73434869e+00 
 5.65050000e-06  1.73434869e+00 
 5.66050000e-06  1.73434869e+00 
 5.67050000e-06  1.73434869e+00 
 5.68050000e-06  1.73434869e+00 
 5.69050000e-06  1.73434869e+00 
 5.70050000e-06  1.73434869e+00 
 5.71050000e-06  1.73434869e+00 
 5.72050000e-06  1.73434869e+00 
 5.73050000e-06  1.73434869e+00 
 5.74050000e-06  1.73434869e+00 
 5.75050000e-06  1.73434869e+00 
 5.76050000e-06  1.73434869e+00 
 5.77050000e-06  1.73434869e+00 
 5.78050000e-06  1.73434869e+00 
 5.79050000e-06  1.73434869e+00 
 5.80050000e-06  1.73434869e+00 
 5.81050000e-06  1.73434869e+00 
 5.82050000e-06  1.73434869e+00 
 5.83050000e-06  1.73434869e+00 
 5.84050000e-06  1.73434869e+00 
 5.85050000e-06  1.73434869e+00 
 5.86050000e-06  1.73434869e+00 
 5.87050000e-06  1.73434869e+00 
 5.88050000e-06  1.73434869e+00 
 5.89050000e-06  1.73434869e+00 
 5.90050000e-06  1.73434869e+00 
 5.91050000e-06  1.73434869e+00 
 5.92050000e-06  1.73434869e+00 
 5.93050000e-06  1.73434869e+00 
 5.94050000e-06  1.73434869e+00 
 5.95050000e-06  1.73434869e+00 
 5.96050000e-06  1.73434869e+00 
 5.97050000e-06  1.73434869e+00 
 5.98050000e-06  1.73434869e+00 
 5.99050000e-06  1.73434869e+00 
 6.00050000e-06  1.73434869e+00 
 6.01050000e-06  1.73434869e+00 
 6.02050000e-06  1.73434869e+00 
 6.03050000e-06  1.73434869e+00 
 6.04050000e-06  1.73434869e+00 
 6.05050000e-06  1.73434869e+00 
 6.06050000e-06  1.73434869e+00 
 6.07050000e-06  1.73434869e+00 
 6.08050000e-06  1.73434869e+00 
 6.09050000e-06  1.73434869e+00 
 6.10050000e-06  1.73434869e+00 
 6.11050000e-06  1.73434869e+00 
 6.12050000e-06  1.73434869e+00 
 6.13050000e-06  1.73434869e+00 
 6.14050000e-06  1.73434869e+00 
 6.15050000e-06  1.73434869e+00 
 6.16050000e-06  1.73434869e+00 
 6.17050000e-06  1.73434869e+00 
 6.18050000e-06  1.73434869e+00 
 6.19050000e-06  1.73434869e+00 
 6.20050000e-06  1.73434869e+00 
 6.21050000e-06  1.73434869e+00 
 6.22050000e-06  1.73434869e+00 
 6.23050000e-06  1.73434869e+00 
 6.24050000e-06  1.73434869e+00 
 6.25050000e-06  1.73434869e+00 
 6.26050000e-06  1.73434869e+00 
 6.27050000e-06  1.73434869e+00 
 6.28050000e-06  1.73434869e+00 
 6.29050000e-06  1.73434869e+00 
 6.30050000e-06  1.73434869e+00 
 6.31050000e-06  1.73434869e+00 
 6.32050000e-06  1.73434869e+00 
 6.33050000e-06  1.73434869e+00 
 6.34050000e-06  1.73434869e+00 
 6.35050000e-06  1.73434869e+00 
 6.36050000e-06  1.73434869e+00 
 6.37050000e-06  1.73434869e+00 
 6.38050000e-06  1.73434869e+00 
 6.39050000e-06  1.73434869e+00 
 6.40050000e-06  1.73434869e+00 
 6.41050000e-06  1.73434869e+00 
 6.42050000e-06  1.73434869e+00 
 6.43050000e-06  1.73434869e+00 
 6.44050000e-06  1.73434869e+00 
 6.45050000e-06  1.73434869e+00 
 6.46050000e-06  1.73434869e+00 
 6.47050000e-06  1.73434869e+00 
 6.48050000e-06  1.73434869e+00 
 6.49050000e-06  1.73434869e+00 
 6.50050000e-06  1.73434869e+00 
 6.51050000e-06  1.73434869e+00 
 6.52050000e-06  1.73434869e+00 
 6.53050000e-06  1.73434869e+00 
 6.54050000e-06  1.73434869e+00 
 6.55050000e-06  1.73434869e+00 
 6.56050000e-06  1.73434869e+00 
 6.57050000e-06  1.73434869e+00 
 6.58050000e-06  1.73434869e+00 
 6.59050000e-06  1.73434869e+00 
 6.60050000e-06  1.73434869e+00 
 6.61050000e-06  1.73434869e+00 
 6.62050000e-06  1.73434869e+00 
 6.63050000e-06  1.73434869e+00 
 6.64050000e-06  1.73434869e+00 
 6.65050000e-06  1.73434869e+00 
 6.66050000e-06  1.73434869e+00 
 6.67050000e-06  1.73434869e+00 
 6.68050000e-06  1.73434869e+00 
 6.69050000e-06  1.73434869e+00 
 6.70050000e-06  1.73434869e+00 
 6.71050000e-06  1.73434869e+00 
 6.72050000e-06  1.73434869e+00 
 6.73050000e-06  1.73434869e+00 
 6.74050000e-06  1.73434869e+00 
 6.75050000e-06  1.73434869e+00 
 6.76050000e-06  1.73434869e+00 
 6.77050000e-06  1.73434869e+00 
 6.78050000e-06  1.73434869e+00 
 6.79050000e-06  1.73434869e+00 
 6.80050000e-06  1.73434869e+00 
 6.81050000e-06  1.73434869e+00 
 6.82050000e-06  1.73434869e+00 
 6.83050000e-06  1.73434869e+00 
 6.84050000e-06  1.73434869e+00 
 6.85050000e-06  1.73434869e+00 
 6.86050000e-06  1.73434869e+00 
 6.87050000e-06  1.73434869e+00 
 6.88050000e-06  1.73434869e+00 
 6.89050000e-06  1.73434869e+00 
 6.90050000e-06  1.73434869e+00 
 6.91050000e-06  1.73434869e+00 
 6.92050000e-06  1.73434869e+00 
 6.93050000e-06  1.73434869e+00 
 6.94050000e-06  1.73434869e+00 
 6.95050000e-06  1.73434869e+00 
 6.96050000e-06  1.73434869e+00 
 6.97050000e-06  1.73434869e+00 
 6.98050000e-06  1.73434869e+00 
 6.99050000e-06  1.73434869e+00 
 7.00050000e-06  1.73434869e+00 
 7.01050000e-06  1.73434869e+00 
 7.02050000e-06  1.73434869e+00 
 7.03050000e-06  1.73434869e+00 
 7.04050000e-06  1.73434869e+00 
 7.05050000e-06  1.73434869e+00 
 7.06050000e-06  1.73434869e+00 
 7.07050000e-06  1.73434869e+00 
 7.08050000e-06  1.73434869e+00 
 7.09050000e-06  1.73434869e+00 
 7.10050000e-06  1.73434869e+00 
 7.11050000e-06  1.73434869e+00 
 7.12050000e-06  1.73434869e+00 
 7.13050000e-06  1.73434869e+00 
 7.14050000e-06  1.73434869e+00 
 7.15050000e-06  1.73434869e+00 
 7.16050000e-06  1.73434869e+00 
 7.17050000e-06  1.73434869e+00 
 7.18050000e-06  1.73434869e+00 
 7.19050000e-06  1.73434869e+00 
 7.20050000e-06  1.73434869e+00 
 7.21050000e-06  1.73434869e+00 
 7.22050000e-06  1.73434869e+00 
 7.23050000e-06  1.73434869e+00 
 7.24050000e-06  1.73434869e+00 
 7.25050000e-06  1.73434869e+00 
 7.26050000e-06  1.73434869e+00 
 7.27050000e-06  1.73434869e+00 
 7.28050000e-06  1.73434869e+00 
 7.29050000e-06  1.73434869e+00 
 7.30050000e-06  1.73434869e+00 
 7.31050000e-06  1.73434869e+00 
 7.32050000e-06  1.73434869e+00 
 7.33050000e-06  1.73434869e+00 
 7.34050000e-06  1.73434869e+00 
 7.35050000e-06  1.73434869e+00 
 7.36050000e-06  1.73434869e+00 
 7.37050000e-06  1.73434869e+00 
 7.38050000e-06  1.73434869e+00 
 7.39050000e-06  1.73434869e+00 
 7.40050000e-06  1.73434869e+00 
 7.41050000e-06  1.73434869e+00 
 7.42050000e-06  1.73434869e+00 
 7.43050000e-06  1.73434869e+00 
 7.44050000e-06  1.73434869e+00 
 7.45050000e-06  1.73434869e+00 
 7.46050000e-06  1.73434869e+00 
 7.47050000e-06  1.73434869e+00 
 7.48050000e-06  1.73434869e+00 
 7.49050000e-06  1.73434869e+00 
 7.50050000e-06  1.73434869e+00 
 7.51050000e-06  1.73434869e+00 
 7.52050000e-06  1.73434869e+00 
 7.53050000e-06  1.73434869e+00 
 7.54050000e-06  1.73434869e+00 
 7.55050000e-06  1.73434869e+00 
 7.56050000e-06  1.73434869e+00 
 7.57050000e-06  1.73434869e+00 
 7.58050000e-06  1.73434869e+00 
 7.59050000e-06  1.73434869e+00 
 7.60050000e-06  1.73434869e+00 
 7.61050000e-06  1.73434869e+00 
 7.62050000e-06  1.73434869e+00 
 7.63050000e-06  1.73434869e+00 
 7.64050000e-06  1.73434869e+00 
 7.65050000e-06  1.73434869e+00 
 7.66050000e-06  1.73434869e+00 
 7.67050000e-06  1.73434869e+00 
 7.68050000e-06  1.73434869e+00 
 7.69050000e-06  1.73434869e+00 
 7.70050000e-06  1.73434869e+00 
 7.71050000e-06  1.73434869e+00 
 7.72050000e-06  1.73434869e+00 
 7.73050000e-06  1.73434869e+00 
 7.74050000e-06  1.73434869e+00 
 7.75050000e-06  1.73434869e+00 
 7.76050000e-06  1.73434869e+00 
 7.77050000e-06  1.73434869e+00 
 7.78050000e-06  1.73434869e+00 
 7.79050000e-06  1.73434869e+00 
 7.80050000e-06  1.73434869e+00 
 7.81050000e-06  1.73434869e+00 
 7.82050000e-06  1.73434869e+00 
 7.83050000e-06  1.73434869e+00 
 7.84050000e-06  1.73434869e+00 
 7.85050000e-06  1.73434869e+00 
 7.86050000e-06  1.73434869e+00 
 7.87050000e-06  1.73434869e+00 
 7.88050000e-06  1.73434869e+00 
 7.89050000e-06  1.73434869e+00 
 7.90050000e-06  1.73434869e+00 
 7.91050000e-06  1.73434869e+00 
 7.92050000e-06  1.73434869e+00 
 7.93050000e-06  1.73434869e+00 
 7.94050000e-06  1.73434869e+00 
 7.95050000e-06  1.73434869e+00 
 7.96050000e-06  1.73434869e+00 
 7.97050000e-06  1.73434869e+00 
 7.98050000e-06  1.73434869e+00 
 7.99050000e-06  1.73434869e+00 
 8.00050000e-06  1.73434869e+00 
 8.01050000e-06  1.73434869e+00 
 8.02050000e-06  1.73434869e+00 
 8.03050000e-06  1.73434869e+00 
 8.04050000e-06  1.73434869e+00 
 8.05050000e-06  1.73434869e+00 
 8.06050000e-06  1.73434869e+00 
 8.07050000e-06  1.73434869e+00 
 8.08050000e-06  1.73434869e+00 
 8.09050000e-06  1.73434869e+00 
 8.10050000e-06  1.73434869e+00 
 8.11050000e-06  1.73434869e+00 
 8.12050000e-06  1.73434869e+00 
 8.13050000e-06  1.73434869e+00 
 8.14050000e-06  1.73434869e+00 
 8.15050000e-06  1.73434869e+00 
 8.16050000e-06  1.73434869e+00 
 8.17050000e-06  1.73434869e+00 
 8.18050000e-06  1.73434869e+00 
 8.19050000e-06  1.73434869e+00 
 8.20050000e-06  1.73434869e+00 
 8.21050000e-06  1.73434869e+00 
 8.22050000e-06  1.73434869e+00 
 8.23050000e-06  1.73434869e+00 
 8.24050000e-06  1.73434869e+00 
 8.25050000e-06  1.73434869e+00 
 8.26050000e-06  1.73434869e+00 
 8.27050000e-06  1.73434869e+00 
 8.28050000e-06  1.73434869e+00 
 8.29050000e-06  1.73434869e+00 
 8.30050000e-06  1.73434869e+00 
 8.31050000e-06  1.73434869e+00 
 8.32050000e-06  1.73434869e+00 
 8.33050000e-06  1.73434869e+00 
 8.34050000e-06  1.73434869e+00 
 8.35050000e-06  1.73434869e+00 
 8.36050000e-06  1.73434869e+00 
 8.37050000e-06  1.73434869e+00 
 8.38050000e-06  1.73434869e+00 
 8.39050000e-06  1.73434869e+00 
 8.40050000e-06  1.73434869e+00 
 8.41050000e-06  1.73434869e+00 
 8.42050000e-06  1.73434869e+00 
 8.43050000e-06  1.73434869e+00 
 8.44050000e-06  1.73434869e+00 
 8.45050000e-06  1.73434869e+00 
 8.46050000e-06  1.73434869e+00 
 8.47050000e-06  1.73434869e+00 
 8.48050000e-06  1.73434869e+00 
 8.49050000e-06  1.73434869e+00 
 8.50050000e-06  1.73434869e+00 
 8.51050000e-06  1.73434869e+00 
 8.52050000e-06  1.73434869e+00 
 8.53050000e-06  1.73434869e+00 
 8.54050000e-06  1.73434869e+00 
 8.55050000e-06  1.73434869e+00 
 8.56050000e-06  1.73434869e+00 
 8.57050000e-06  1.73434869e+00 
 8.58050000e-06  1.73434869e+00 
 8.59050000e-06  1.73434869e+00 
 8.60050000e-06  1.73434869e+00 
 8.61050000e-06  1.73434869e+00 
 8.62050000e-06  1.73434869e+00 
 8.63050000e-06  1.73434869e+00 
 8.64050000e-06  1.73434869e+00 
 8.65050000e-06  1.73434869e+00 
 8.66050000e-06  1.73434869e+00 
 8.67050000e-06  1.73434869e+00 
 8.68050000e-06  1.73434869e+00 
 8.69050000e-06  1.73434869e+00 
 8.70050000e-06  1.73434869e+00 
 8.71050000e-06  1.73434869e+00 
 8.72050000e-06  1.73434869e+00 
 8.73050000e-06  1.73434869e+00 
 8.74050000e-06  1.73434869e+00 
 8.75050000e-06  1.73434869e+00 
 8.76050000e-06  1.73434869e+00 
 8.77050000e-06  1.73434869e+00 
 8.78050000e-06  1.73434869e+00 
 8.79050000e-06  1.73434869e+00 
 8.80050000e-06  1.73434869e+00 
 8.81050000e-06  1.73434869e+00 
 8.82050000e-06  1.73434869e+00 
 8.83050000e-06  1.73434869e+00 
 8.84050000e-06  1.73434869e+00 
 8.85050000e-06  1.73434869e+00 
 8.86050000e-06  1.73434869e+00 
 8.87050000e-06  1.73434869e+00 
 8.88050000e-06  1.73434869e+00 
 8.89050000e-06  1.73434869e+00 
 8.90050000e-06  1.73434869e+00 
 8.91050000e-06  1.73434869e+00 
 8.92050000e-06  1.73434869e+00 
 8.93050000e-06  1.73434869e+00 
 8.94050000e-06  1.73434869e+00 
 8.95050000e-06  1.73434869e+00 
 8.96050000e-06  1.73434869e+00 
 8.97050000e-06  1.73434869e+00 
 8.98050000e-06  1.73434869e+00 
 8.99050000e-06  1.73434869e+00 
 9.00050000e-06  1.73434869e+00 
 9.01050000e-06  1.73434869e+00 
 9.02050000e-06  1.73434869e+00 
 9.03050000e-06  1.73434869e+00 
 9.04050000e-06  1.73434869e+00 
 9.05050000e-06  1.73434869e+00 
 9.06050000e-06  1.73434869e+00 
 9.07050000e-06  1.73434869e+00 
 9.08050000e-06  1.73434869e+00 
 9.09050000e-06  1.73434869e+00 
 9.10050000e-06  1.73434869e+00 
 9.11050000e-06  1.73434869e+00 
 9.12050000e-06  1.73434869e+00 
 9.13050000e-06  1.73434869e+00 
 9.14050000e-06  1.73434869e+00 
 9.15050000e-06  1.73434869e+00 
 9.16050000e-06  1.73434869e+00 
 9.17050000e-06  1.73434869e+00 
 9.18050000e-06  1.73434869e+00 
 9.19050000e-06  1.73434869e+00 
 9.20050000e-06  1.73434869e+00 
 9.21050000e-06  1.73434869e+00 
 9.22050000e-06  1.73434869e+00 
 9.23050000e-06  1.73434869e+00 
 9.24050000e-06  1.73434869e+00 
 9.25050000e-06  1.73434869e+00 
 9.26050000e-06  1.73434869e+00 
 9.27050000e-06  1.73434869e+00 
 9.28050000e-06  1.73434869e+00 
 9.29050000e-06  1.73434869e+00 
 9.30050000e-06  1.73434869e+00 
 9.31050000e-06  1.73434869e+00 
 9.32050000e-06  1.73434869e+00 
 9.33050000e-06  1.73434869e+00 
 9.34050000e-06  1.73434869e+00 
 9.35050000e-06  1.73434869e+00 
 9.36050000e-06  1.73434869e+00 
 9.37050000e-06  1.73434869e+00 
 9.38050000e-06  1.73434869e+00 
 9.39050000e-06  1.73434869e+00 
 9.40050000e-06  1.73434869e+00 
 9.41050000e-06  1.73434869e+00 
 9.42050000e-06  1.73434869e+00 
 9.43050000e-06  1.73434869e+00 
 9.44050000e-06  1.73434869e+00 
 9.45050000e-06  1.73434869e+00 
 9.46050000e-06  1.73434869e+00 
 9.47050000e-06  1.73434869e+00 
 9.48050000e-06  1.73434869e+00 
 9.49050000e-06  1.73434869e+00 
 9.50050000e-06  1.73434869e+00 
 9.51050000e-06  1.73434869e+00 
 9.52050000e-06  1.73434869e+00 
 9.53050000e-06  1.73434869e+00 
 9.54050000e-06  1.73434869e+00 
 9.55050000e-06  1.73434869e+00 
 9.56050000e-06  1.73434869e+00 
 9.57050000e-06  1.73434869e+00 
 9.58050000e-06  1.73434869e+00 
 9.59050000e-06  1.73434869e+00 
 9.60050000e-06  1.73434869e+00 
 9.61050000e-06  1.73434869e+00 
 9.62050000e-06  1.73434869e+00 
 9.63050000e-06  1.73434869e+00 
 9.64050000e-06  1.73434869e+00 
 9.65050000e-06  1.73434869e+00 
 9.66050000e-06  1.73434869e+00 
 9.67050000e-06  1.73434869e+00 
 9.68050000e-06  1.73434869e+00 
 9.69050000e-06  1.73434869e+00 
 9.70050000e-06  1.73434869e+00 
 9.71050000e-06  1.73434869e+00 
 9.72050000e-06  1.73434869e+00 
 9.73050000e-06  1.73434869e+00 
 9.74050000e-06  1.73434869e+00 
 9.75050000e-06  1.73434869e+00 
 9.76050000e-06  1.73434869e+00 
 9.77050000e-06  1.73434869e+00 
 9.78050000e-06  1.73434869e+00 
 9.79050000e-06  1.73434869e+00 
 9.80050000e-06  1.73434869e+00 
 9.81050000e-06  1.73434869e+00 
 9.82050000e-06  1.73434869e+00 
 9.83050000e-06  1.73434869e+00 
 9.84050000e-06  1.73434869e+00 
 9.85050000e-06  1.73434869e+00 
 9.86050000e-06  1.73434869e+00 
 9.87050000e-06  1.73434869e+00 
 9.88050000e-06  1.73434869e+00 
 9.89050000e-06  1.73434869e+00 
 9.90050000e-06  1.73434869e+00 
 9.91050000e-06  1.73434869e+00 
 9.92050000e-06  1.73434869e+00 
 9.93050000e-06  1.73434869e+00 
 9.94050000e-06  1.73434869e+00 
 9.95050000e-06  1.73434869e+00 
 9.96050000e-06  1.73434869e+00 
 9.97050000e-06  1.73434869e+00 
 9.98050000e-06  1.73434869e+00 
 9.99050000e-06  1.73434869e+00 
 1.00005000e-05  1.73434869e+00 
 1.00105000e-05  1.73434869e+00 
 1.00205000e-05  1.73434869e+00 
 1.00305000e-05  1.73434869e+00 
 1.00405000e-05  1.73434869e+00 
 1.00505000e-05  1.73434869e+00 
 1.00605000e-05  1.73434869e+00 
 1.00705000e-05  1.73434869e+00 
 1.00805000e-05  1.73434869e+00 
 1.00905000e-05  1.73434869e+00 
 1.01005000e-05  1.73434869e+00 
 1.01105000e-05  1.73434869e+00 
 1.01205000e-05  1.73434869e+00 
 1.01305000e-05  1.73434869e+00 
 1.01405000e-05  1.73434869e+00 
 1.01505000e-05  1.73434869e+00 
 1.01605000e-05  1.73434869e+00 
 1.01705000e-05  1.73434869e+00 
 1.01805000e-05  1.73434869e+00 
 1.01905000e-05  1.73434869e+00 
 1.02005000e-05  1.73434869e+00 
 1.02105000e-05  1.73434869e+00 
 1.02205000e-05  1.73434869e+00 
 1.02305000e-05  1.73434869e+00 
 1.02405000e-05  1.73434869e+00 
 1.02505000e-05  1.73434869e+00 
 1.02605000e-05  1.73434869e+00 
 1.02705000e-05  1.73434869e+00 
 1.02805000e-05  1.73434869e+00 
 1.02905000e-05  1.73434869e+00 
 1.03005000e-05  1.73434869e+00 
 1.03105000e-05  1.73434869e+00 
 1.03205000e-05  1.73434869e+00 
 1.03305000e-05  1.73434869e+00 
 1.03405000e-05  1.73434869e+00 
 1.03505000e-05  1.73434869e+00 
 1.03605000e-05  1.73434869e+00 
 1.03705000e-05  1.73434869e+00 
 1.03805000e-05  1.73434869e+00 
 1.03905000e-05  1.73434869e+00 
 1.04005000e-05  1.73434869e+00 
 1.04105000e-05  1.73434869e+00 
 1.04205000e-05  1.73434869e+00 
 1.04305000e-05  1.73434869e+00 
 1.04405000e-05  1.73434869e+00 
 1.04505000e-05  1.73434869e+00 
 1.04605000e-05  1.73434869e+00 
 1.04705000e-05  1.73434869e+00 
 1.04805000e-05  1.73434869e+00 
 1.04905000e-05  1.73434869e+00 
 1.05005000e-05  1.73434869e+00 
 1.05105000e-05  1.73434869e+00 
 1.05205000e-05  1.73434869e+00 
 1.05305000e-05  1.73434869e+00 
 1.05405000e-05  1.73434869e+00 
 1.05505000e-05  1.73434869e+00 
 1.05605000e-05  1.73434869e+00 
 1.05705000e-05  1.73434869e+00 
 1.05805000e-05  1.73434869e+00 
 1.05905000e-05  1.73434869e+00 
 1.06005000e-05  1.73434869e+00 
 1.06105000e-05  1.73434869e+00 
 1.06205000e-05  1.73434869e+00 
 1.06305000e-05  1.73434869e+00 
 1.06405000e-05  1.73434869e+00 
 1.06505000e-05  1.73434869e+00 
 1.06605000e-05  1.73434869e+00 
 1.06705000e-05  1.73434869e+00 
 1.06805000e-05  1.73434869e+00 
 1.06905000e-05  1.73434869e+00 
 1.07005000e-05  1.73434869e+00 
 1.07105000e-05  1.73434869e+00 
 1.07205000e-05  1.73434869e+00 
 1.07305000e-05  1.73434869e+00 
 1.07405000e-05  1.73434869e+00 
 1.07505000e-05  1.73434869e+00 
 1.07605000e-05  1.73434869e+00 
 1.07705000e-05  1.73434869e+00 
 1.07805000e-05  1.73434869e+00 
 1.07905000e-05  1.73434869e+00 
 1.08005000e-05  1.73434869e+00 
 1.08105000e-05  1.73434869e+00 
 1.08205000e-05  1.73434869e+00 
 1.08305000e-05  1.73434869e+00 
 1.08405000e-05  1.73434869e+00 
 1.08505000e-05  1.73434869e+00 
 1.08605000e-05  1.73434869e+00 
 1.08705000e-05  1.73434869e+00 
 1.08805000e-05  1.73434869e+00 
 1.08905000e-05  1.73434869e+00 
 1.09005000e-05  1.73434869e+00 
 1.09105000e-05  1.73434869e+00 
 1.09205000e-05  1.73434869e+00 
 1.09305000e-05  1.73434869e+00 
 1.09405000e-05  1.73434869e+00 
 1.09505000e-05  1.73434869e+00 
 1.09605000e-05  1.73434869e+00 
 1.09705000e-05  1.73434869e+00 
 1.09805000e-05  1.73434869e+00 
 1.09905000e-05  1.73434869e+00 
 1.10005000e-05  1.73434869e+00 
 1.10100000e-05  1.73434869e+00 
 1.10110000e-05  1.73433832e+00 
 1.10130000e-05  1.73427888e+00 
 1.10165000e-05  1.73392859e+00 
 1.10200000e-05  1.73321448e+00 
 1.10207000e-05  1.73302267e+00 
 1.10221000e-05  1.73262224e+00 
 1.10249000e-05  1.73177082e+00 
 1.10305000e-05  1.73002644e+00 
 1.10405000e-05  1.72698391e+00 
 1.10505000e-05  1.72407198e+00 
 1.10605000e-05  1.72123843e+00 
 1.10705000e-05  1.71852425e+00 
 1.10805000e-05  1.71593891e+00 
 1.10905000e-05  1.71346722e+00 
 1.11005000e-05  1.71112233e+00 
 1.11105000e-05  1.70889744e+00 
 1.11205000e-05  1.70678825e+00 
 1.11305000e-05  1.70479244e+00 
 1.11405000e-05  1.70290465e+00 
 1.11505000e-05  1.70111866e+00 
 1.11605000e-05  1.69943091e+00 
 1.11705000e-05  1.69783442e+00 
 1.11805000e-05  1.69632520e+00 
 1.11905000e-05  1.69489725e+00 
 1.12005000e-05  1.69354638e+00 
 1.12105000e-05  1.69226725e+00 
 1.12205000e-05  1.69105606e+00 
 1.12305000e-05  1.68990800e+00 
 1.12405000e-05  1.68881965e+00 
 1.12505000e-05  1.68778685e+00 
 1.12605000e-05  1.68680651e+00 
 1.12705000e-05  1.68587504e+00 
 1.12805000e-05  1.68498970e+00 
 1.12905000e-05  1.68414740e+00 
 1.13005000e-05  1.68334572e+00 
 1.13105000e-05  1.68258201e+00 
 1.13205000e-05  1.68185412e+00 
 1.13305000e-05  1.68115981e+00 
 1.13405000e-05  1.68049718e+00 
 1.13505000e-05  1.67986429e+00 
 1.13605000e-05  1.67925947e+00 
 1.13705000e-05  1.67868107e+00 
 1.13805000e-05  1.67812761e+00 
 1.13905000e-05  1.67759768e+00 
 1.14005000e-05  1.67708997e+00 
 1.14105000e-05  1.67660326e+00 
 1.14205000e-05  1.67613640e+00 
 1.14305000e-05  1.67568834e+00 
 1.14405000e-05  1.67525805e+00 
 1.14505000e-05  1.67484462e+00 
 1.14605000e-05  1.67444715e+00 
 1.14705000e-05  1.67406485e+00 
 1.14805000e-05  1.67369692e+00 
 1.14905000e-05  1.67334266e+00 
 1.15005000e-05  1.67300137e+00 
 1.15105000e-05  1.67267244e+00 
 1.15205000e-05  1.67235524e+00 
 1.15305000e-05  1.67204923e+00 
 1.15405000e-05  1.67175386e+00 
 1.15505000e-05  1.67146866e+00 
 1.15605000e-05  1.67119312e+00 
 1.15705000e-05  1.67092684e+00 
 1.15805000e-05  1.67066935e+00 
 1.15905000e-05  1.67042031e+00 
 1.16005000e-05  1.67017929e+00 
 1.16105000e-05  1.66994599e+00 
 1.16205000e-05  1.66972003e+00 
 1.16305000e-05  1.66950113e+00 
 1.16405000e-05  1.66928897e+00 
 1.16505000e-05  1.66908328e+00 
 1.16605000e-05  1.66888377e+00 
 1.16705000e-05  1.66869021e+00 
 1.16805000e-05  1.66850234e+00 
 1.16905000e-05  1.66831995e+00 
 1.17005000e-05  1.66814280e+00 
 1.17105000e-05  1.66797069e+00 
 1.17205000e-05  1.66780343e+00 
 1.17305000e-05  1.66764083e+00 
 1.17405000e-05  1.66748271e+00 
 1.17505000e-05  1.66732890e+00 
 1.17605000e-05  1.66717924e+00 
 1.17705000e-05  1.66703357e+00 
 1.17805000e-05  1.66689175e+00 
 1.17905000e-05  1.66675364e+00 
 1.18005000e-05  1.66661910e+00 
 1.18105000e-05  1.66648801e+00 
 1.18205000e-05  1.66636024e+00 
 1.18305000e-05  1.66623568e+00 
 1.18405000e-05  1.66611422e+00 
 1.18505000e-05  1.66599574e+00 
 1.18605000e-05  1.66588016e+00 
 1.18705000e-05  1.66576736e+00 
 1.18805000e-05  1.66565726e+00 
 1.18905000e-05  1.66554977e+00 
 1.19005000e-05  1.66544480e+00 
 1.19105000e-05  1.66534227e+00 
 1.19205000e-05  1.66524210e+00 
 1.19305000e-05  1.66514421e+00 
 1.19405000e-05  1.66504854e+00 
 1.19505000e-05  1.66495501e+00 
 1.19605000e-05  1.66486355e+00 
 1.19705000e-05  1.66477411e+00 
 1.19805000e-05  1.66468662e+00 
 1.19905000e-05  1.66460102e+00 
 1.20005000e-05  1.66451725e+00 
 1.20105000e-05  1.66443526e+00 
 1.20205000e-05  1.66435500e+00 
 1.20305000e-05  1.66427642e+00 
 1.20405000e-05  1.66419946e+00 
 1.20505000e-05  1.66412408e+00 
 1.20605000e-05  1.66405023e+00 
 1.20705000e-05  1.66397788e+00 
 1.20805000e-05  1.66390697e+00 
 1.20905000e-05  1.66383747e+00 
 1.21005000e-05  1.66376934e+00 
 1.21105000e-05  1.66370254e+00 
 1.21205000e-05  1.66363703e+00 
 1.21305000e-05  1.66357279e+00 
 1.21405000e-05  1.66350977e+00 
 1.21505000e-05  1.66344794e+00 
 1.21605000e-05  1.66338727e+00 
 1.21705000e-05  1.66332773e+00 
 1.21805000e-05  1.66326930e+00 
 1.21905000e-05  1.66321193e+00 
 1.22005000e-05  1.66315561e+00 
 1.22105000e-05  1.66310031e+00 
 1.22205000e-05  1.66304599e+00 
 1.22305000e-05  1.66299265e+00 
 1.22405000e-05  1.66294025e+00 
 1.22505000e-05  1.66288876e+00 
 1.22605000e-05  1.66283818e+00 
 1.22705000e-05  1.66278846e+00 
 1.22805000e-05  1.66273960e+00 
 1.22905000e-05  1.66269157e+00 
 1.23005000e-05  1.66264436e+00 
 1.23105000e-05  1.66259793e+00 
 1.23205000e-05  1.66255229e+00 
 1.23305000e-05  1.66250739e+00 
 1.23405000e-05  1.66246324e+00 
 1.23505000e-05  1.66241980e+00 
 1.23605000e-05  1.66237708e+00 
 1.23705000e-05  1.66233503e+00 
 1.23805000e-05  1.66229367e+00 
 1.23905000e-05  1.66225295e+00 
 1.24005000e-05  1.66221289e+00 
 1.24105000e-05  1.66217345e+00 
 1.24205000e-05  1.66213462e+00 
 1.24305000e-05  1.66209639e+00 
 1.24405000e-05  1.66205876e+00 
 1.24505000e-05  1.66202169e+00 
 1.24605000e-05  1.66198519e+00 
 1.24705000e-05  1.66194924e+00 
 1.24805000e-05  1.66191383e+00 
 1.24905000e-05  1.66187895e+00 
 1.25005000e-05  1.66184458e+00 
 1.25105000e-05  1.66181071e+00 
 1.25205000e-05  1.66177734e+00 
 1.25305000e-05  1.66174446e+00 
 1.25405000e-05  1.66171205e+00 
 1.25505000e-05  1.66168010e+00 
 1.25605000e-05  1.66164861e+00 
 1.25705000e-05  1.66161756e+00 
 1.25805000e-05  1.66158696e+00 
 1.25905000e-05  1.66155678e+00 
 1.26005000e-05  1.66152702e+00 
 1.26105000e-05  1.66149767e+00 
 1.26205000e-05  1.66146872e+00 
 1.26305000e-05  1.66144017e+00 
 1.26405000e-05  1.66141201e+00 
 1.26505000e-05  1.66138423e+00 
 1.26605000e-05  1.66135682e+00 
 1.26705000e-05  1.66132977e+00 
 1.26805000e-05  1.66130309e+00 
 1.26905000e-05  1.66127675e+00 
 1.27005000e-05  1.66125077e+00 
 1.27105000e-05  1.66122512e+00 
 1.27205000e-05  1.66119980e+00 
 1.27305000e-05  1.66117481e+00 
 1.27405000e-05  1.66115014e+00 
 1.27505000e-05  1.66112579e+00 
 1.27605000e-05  1.66110174e+00 
 1.27705000e-05  1.66107800e+00 
 1.27805000e-05  1.66105456e+00 
 1.27905000e-05  1.66103141e+00 
 1.28005000e-05  1.66100854e+00 
 1.28105000e-05  1.66098596e+00 
 1.28205000e-05  1.66096366e+00 
 1.28305000e-05  1.66094162e+00 
 1.28405000e-05  1.66091986e+00 
 1.28505000e-05  1.66089836e+00 
 1.28605000e-05  1.66087712e+00 
 1.28705000e-05  1.66085613e+00 
 1.28805000e-05  1.66083539e+00 
 1.28905000e-05  1.66081489e+00 
 1.29005000e-05  1.66079464e+00 
 1.29105000e-05  1.66077462e+00 
 1.29205000e-05  1.66075484e+00 
 1.29305000e-05  1.66073529e+00 
 1.29405000e-05  1.66071596e+00 
 1.29505000e-05  1.66069685e+00 
 1.29605000e-05  1.66067797e+00 
 1.29705000e-05  1.66065929e+00 
 1.29805000e-05  1.66064083e+00 
 1.29905000e-05  1.66062258e+00 
 1.30005000e-05  1.66060453e+00 
 1.30105000e-05  1.66058668e+00 
 1.30205000e-05  1.66056903e+00 
 1.30305000e-05  1.66055157e+00 
 1.30405000e-05  1.66053430e+00 
 1.30505000e-05  1.66051723e+00 
 1.30605000e-05  1.66050034e+00 
 1.30705000e-05  1.66048363e+00 
 1.30805000e-05  1.66046710e+00 
 1.30905000e-05  1.66045075e+00 
 1.31005000e-05  1.66043458e+00 
 1.31105000e-05  1.66041857e+00 
 1.31205000e-05  1.66040274e+00 
 1.31305000e-05  1.66038707e+00 
 1.31405000e-05  1.66037156e+00 
 1.31505000e-05  1.66035622e+00 
 1.31605000e-05  1.66034104e+00 
 1.31705000e-05  1.66032601e+00 
 1.31805000e-05  1.66031114e+00 
 1.31905000e-05  1.66029641e+00 
 1.32005000e-05  1.66028184e+00 
 1.32105000e-05  1.66026742e+00 
 1.32205000e-05  1.66025314e+00 
 1.32305000e-05  1.66023901e+00 
 1.32405000e-05  1.66022502e+00 
 1.32505000e-05  1.66021116e+00 
 1.32605000e-05  1.66019745e+00 
 1.32705000e-05  1.66018387e+00 
 1.32805000e-05  1.66017042e+00 
 1.32905000e-05  1.66015711e+00 
 1.33005000e-05  1.66014392e+00 
 1.33105000e-05  1.66013086e+00 
 1.33205000e-05  1.66011793e+00 
 1.33305000e-05  1.66010513e+00 
 1.33405000e-05  1.66009244e+00 
 1.33505000e-05  1.66007988e+00 
 1.33605000e-05  1.66006744e+00 
 1.33705000e-05  1.66005511e+00 
 1.33805000e-05  1.66004290e+00 
 1.33905000e-05  1.66003080e+00 
 1.34005000e-05  1.66001882e+00 
 1.34105000e-05  1.66000695e+00 
 1.34205000e-05  1.65999519e+00 
 1.34305000e-05  1.65998354e+00 
 1.34405000e-05  1.65997199e+00 
 1.34505000e-05  1.65996055e+00 
 1.34605000e-05  1.65994922e+00 
 1.34705000e-05  1.65993798e+00 
 1.34805000e-05  1.65992685e+00 
 1.34905000e-05  1.65991582e+00 
 1.35005000e-05  1.65990489e+00 
 1.35105000e-05  1.65989405e+00 
 1.35205000e-05  1.65988332e+00 
 1.35305000e-05  1.65987267e+00 
 1.35405000e-05  1.65986212e+00 
 1.35505000e-05  1.65985167e+00 
 1.35605000e-05  1.65984130e+00 
 1.35705000e-05  1.65983103e+00 
 1.35805000e-05  1.65982084e+00 
 1.35905000e-05  1.65981074e+00 
 1.36005000e-05  1.65980073e+00 
 1.36105000e-05  1.65979081e+00 
 1.36205000e-05  1.65978097e+00 
 1.36305000e-05  1.65977121e+00 
 1.36405000e-05  1.65976154e+00 
 1.36505000e-05  1.65975195e+00 
 1.36605000e-05  1.65974244e+00 
 1.36705000e-05  1.65973301e+00 
 1.36805000e-05  1.65972366e+00 
 1.36905000e-05  1.65971438e+00 
 1.37005000e-05  1.65970519e+00 
 1.37105000e-05  1.65969607e+00 
 1.37205000e-05  1.65968702e+00 
 1.37305000e-05  1.65967805e+00 
 1.37405000e-05  1.65966915e+00 
 1.37505000e-05  1.65966033e+00 
 1.37605000e-05  1.65965157e+00 
 1.37705000e-05  1.65964289e+00 
 1.37805000e-05  1.65963428e+00 
 1.37905000e-05  1.65962573e+00 
 1.38005000e-05  1.65961726e+00 
 1.38105000e-05  1.65960885e+00 
 1.38205000e-05  1.65960051e+00 
 1.38305000e-05  1.65959223e+00 
 1.38405000e-05  1.65958402e+00 
 1.38505000e-05  1.65957587e+00 
 1.38605000e-05  1.65956779e+00 
 1.38705000e-05  1.65955977e+00 
 1.38805000e-05  1.65955182e+00 
 1.38905000e-05  1.65954392e+00 
 1.39005000e-05  1.65953609e+00 
 1.39105000e-05  1.65952831e+00 
 1.39205000e-05  1.65952060e+00 
 1.39305000e-05  1.65951294e+00 
 1.39405000e-05  1.65950535e+00 
 1.39505000e-05  1.65949781e+00 
 1.39605000e-05  1.65949032e+00 
 1.39705000e-05  1.65948290e+00 
 1.39805000e-05  1.65947553e+00 
 1.39905000e-05  1.65946821e+00 
 1.40005000e-05  1.65946095e+00 
 1.40105000e-05  1.65945375e+00 
 1.40205000e-05  1.65944659e+00 
 1.40305000e-05  1.65943949e+00 
 1.40405000e-05  1.65943244e+00 
 1.40505000e-05  1.65942545e+00 
 1.40605000e-05  1.65941850e+00 
 1.40705000e-05  1.65941161e+00 
 1.40805000e-05  1.65940476e+00 
 1.40905000e-05  1.65939797e+00 
 1.41005000e-05  1.65939122e+00 
 1.41105000e-05  1.65938452e+00 
 1.41205000e-05  1.65937787e+00 
 1.41305000e-05  1.65937127e+00 
 1.41405000e-05  1.65936472e+00 
 1.41505000e-05  1.65935821e+00 
 1.41605000e-05  1.65935175e+00 
 1.41705000e-05  1.65934533e+00 
 1.41805000e-05  1.65933896e+00 
 1.41905000e-05  1.65933263e+00 
 1.42005000e-05  1.65932635e+00 
 1.42105000e-05  1.65932011e+00 
 1.42205000e-05  1.65931391e+00 
 1.42305000e-05  1.65930776e+00 
 1.42405000e-05  1.65930165e+00 
 1.42505000e-05  1.65929558e+00 
 1.42605000e-05  1.65928955e+00 
 1.42705000e-05  1.65928357e+00 
 1.42805000e-05  1.65927762e+00 
 1.42905000e-05  1.65927171e+00 
 1.43005000e-05  1.65926585e+00 
 1.43105000e-05  1.65926002e+00 
 1.43205000e-05  1.65925424e+00 
 1.43305000e-05  1.65924849e+00 
 1.43405000e-05  1.65924278e+00 
 1.43505000e-05  1.65923711e+00 
 1.43605000e-05  1.65923148e+00 
 1.43705000e-05  1.65922588e+00 
 1.43805000e-05  1.65922032e+00 
 1.43905000e-05  1.65921480e+00 
 1.44005000e-05  1.65920931e+00 
 1.44105000e-05  1.65920386e+00 
 1.44205000e-05  1.65919845e+00 
 1.44305000e-05  1.65919307e+00 
 1.44405000e-05  1.65918773e+00 
 1.44505000e-05  1.65918242e+00 
 1.44605000e-05  1.65917714e+00 
 1.44705000e-05  1.65917190e+00 
 1.44805000e-05  1.65916669e+00 
 1.44905000e-05  1.65916152e+00 
 1.45005000e-05  1.65915637e+00 
 1.45105000e-05  1.65915126e+00 
 1.45205000e-05  1.65914619e+00 
 1.45305000e-05  1.65914114e+00 
 1.45405000e-05  1.65913613e+00 
 1.45505000e-05  1.65913115e+00 
 1.45605000e-05  1.65912620e+00 
 1.45705000e-05  1.65912128e+00 
 1.45805000e-05  1.65911639e+00 
 1.45905000e-05  1.65911153e+00 
 1.46005000e-05  1.65910670e+00 
 1.46105000e-05  1.65910191e+00 
 1.46205000e-05  1.65909714e+00 
 1.46305000e-05  1.65909240e+00 
 1.46405000e-05  1.65908769e+00 
 1.46505000e-05  1.65908300e+00 
 1.46605000e-05  1.65907835e+00 
 1.46705000e-05  1.65907373e+00 
 1.46805000e-05  1.65906913e+00 
 1.46905000e-05  1.65906456e+00 
 1.47005000e-05  1.65906002e+00 
 1.47105000e-05  1.65905550e+00 
 1.47205000e-05  1.65905102e+00 
 1.47305000e-05  1.65904656e+00 
 1.47405000e-05  1.65904212e+00 
 1.47505000e-05  1.65903771e+00 
 1.47605000e-05  1.65903333e+00 
 1.47705000e-05  1.65902898e+00 
 1.47805000e-05  1.65902465e+00 
 1.47905000e-05  1.65902034e+00 
 1.48005000e-05  1.65901606e+00 
 1.48105000e-05  1.65901181e+00 
 1.48205000e-05  1.65900758e+00 
 1.48305000e-05  1.65900337e+00 
 1.48405000e-05  1.65899919e+00 
 1.48505000e-05  1.65899504e+00 
 1.48605000e-05  1.65899090e+00 
 1.48705000e-05  1.65898679e+00 
 1.48805000e-05  1.65898271e+00 
 1.48905000e-05  1.65897865e+00 
 1.49005000e-05  1.65897461e+00 
 1.49105000e-05  1.65897059e+00 
 1.49205000e-05  1.65896660e+00 
 1.49305000e-05  1.65896263e+00 
 1.49405000e-05  1.65895868e+00 
 1.49505000e-05  1.65895476e+00 
 1.49605000e-05  1.65895085e+00 
 1.49705000e-05  1.65894697e+00 
 1.49805000e-05  1.65894311e+00 
 1.49905000e-05  1.65893927e+00 
 1.50005000e-05  1.65893546e+00 
 1.50105000e-05  1.65893166e+00 
 1.50205000e-05  1.65892788e+00 
 1.50305000e-05  1.65892413e+00 
 1.50405000e-05  1.65892040e+00 
 1.50505000e-05  1.65891668e+00 
 1.50605000e-05  1.65891299e+00 
 1.50705000e-05  1.65890932e+00 
 1.50805000e-05  1.65890567e+00 
 1.50905000e-05  1.65890203e+00 
 1.51005000e-05  1.65889842e+00 
 1.51105000e-05  1.65889483e+00 
 1.51205000e-05  1.65889125e+00 
 1.51305000e-05  1.65888770e+00 
 1.51405000e-05  1.65888416e+00 
 1.51505000e-05  1.65888064e+00 
 1.51605000e-05  1.65887715e+00 
 1.51705000e-05  1.65887367e+00 
 1.51805000e-05  1.65887021e+00 
 1.51905000e-05  1.65886676e+00 
 1.52005000e-05  1.65886334e+00 
 1.52105000e-05  1.65885993e+00 
 1.52205000e-05  1.65885654e+00 
 1.52305000e-05  1.65885317e+00 
 1.52405000e-05  1.65884982e+00 
 1.52505000e-05  1.65884649e+00 
 1.52605000e-05  1.65884317e+00 
 1.52705000e-05  1.65883987e+00 
 1.52805000e-05  1.65883658e+00 
 1.52905000e-05  1.65883332e+00 
 1.53005000e-05  1.65883007e+00 
 1.53105000e-05  1.65882683e+00 
 1.53205000e-05  1.65882362e+00 
 1.53305000e-05  1.65882042e+00 
 1.53405000e-05  1.65881723e+00 
 1.53505000e-05  1.65881406e+00 
 1.53605000e-05  1.65881091e+00 
 1.53705000e-05  1.65880778e+00 
 1.53805000e-05  1.65880466e+00 
 1.53905000e-05  1.65880155e+00 
 1.54005000e-05  1.65879847e+00 
 1.54105000e-05  1.65879539e+00 
 1.54205000e-05  1.65879234e+00 
 1.54305000e-05  1.65878929e+00 
 1.54405000e-05  1.65878627e+00 
 1.54505000e-05  1.65878326e+00 
 1.54605000e-05  1.65878026e+00 
 1.54705000e-05  1.65877728e+00 
 1.54805000e-05  1.65877431e+00 
 1.54905000e-05  1.65877136e+00 
 1.55005000e-05  1.65876842e+00 
 1.55105000e-05  1.65876550e+00 
 1.55205000e-05  1.65876259e+00 
 1.55305000e-05  1.65875969e+00 
 1.55405000e-05  1.65875681e+00 
 1.55505000e-05  1.65875395e+00 
 1.55605000e-05  1.65875109e+00 
 1.55705000e-05  1.65874826e+00 
 1.55805000e-05  1.65874543e+00 
 1.55905000e-05  1.65874262e+00 
 1.56005000e-05  1.65873982e+00 
 1.56105000e-05  1.65873704e+00 
 1.56205000e-05  1.65873427e+00 
 1.56305000e-05  1.65873151e+00 
 1.56405000e-05  1.65872876e+00 
 1.56505000e-05  1.65872603e+00 
 1.56605000e-05  1.65872331e+00 
 1.56705000e-05  1.65872061e+00 
 1.56805000e-05  1.65871791e+00 
 1.56905000e-05  1.65871523e+00 
 1.57005000e-05  1.65871257e+00 
 1.57105000e-05  1.65870991e+00 
 1.57205000e-05  1.65870727e+00 
 1.57305000e-05  1.65870464e+00 
 1.57405000e-05  1.65870202e+00 
 1.57505000e-05  1.65869941e+00 
 1.57605000e-05  1.65869682e+00 
 1.57705000e-05  1.65869424e+00 
 1.57805000e-05  1.65869167e+00 
 1.57905000e-05  1.65868911e+00 
 1.58005000e-05  1.65868656e+00 
 1.58105000e-05  1.65868403e+00 
 1.58205000e-05  1.65868151e+00 
 1.58305000e-05  1.65867900e+00 
 1.58405000e-05  1.65867650e+00 
 1.58505000e-05  1.65867401e+00 
 1.58605000e-05  1.65867153e+00 
 1.58705000e-05  1.65866907e+00 
 1.58805000e-05  1.65866661e+00 
 1.58905000e-05  1.65866417e+00 
 1.59005000e-05  1.65866173e+00 
 1.59105000e-05  1.65865931e+00 
 1.59205000e-05  1.65865690e+00 
 1.59305000e-05  1.65865450e+00 
 1.59405000e-05  1.65865211e+00 
 1.59505000e-05  1.65864974e+00 
 1.59605000e-05  1.65864737e+00 
 1.59705000e-05  1.65864501e+00 
 1.59805000e-05  1.65864266e+00 
 1.59905000e-05  1.65864033e+00 
 1.60005000e-05  1.65863800e+00 
 1.60105000e-05  1.65863568e+00 
 1.60205000e-05  1.65863338e+00 
 1.60305000e-05  1.65863108e+00 
 1.60405000e-05  1.65862880e+00 
 1.60505000e-05  1.65862652e+00 
 1.60605000e-05  1.65862426e+00 
 1.60705000e-05  1.65862200e+00 
 1.60805000e-05  1.65861976e+00 
 1.60905000e-05  1.65861752e+00 
 1.61005000e-05  1.65861529e+00 
 1.61105000e-05  1.65861308e+00 
 1.61205000e-05  1.65861087e+00 
 1.61305000e-05  1.65860867e+00 
 1.61405000e-05  1.65860648e+00 
 1.61505000e-05  1.65860430e+00 
 1.61605000e-05  1.65860214e+00 
 1.61705000e-05  1.65859997e+00 
 1.61805000e-05  1.65859782e+00 
 1.61905000e-05  1.65859568e+00 
 1.62005000e-05  1.65859355e+00 
 1.62105000e-05  1.65859143e+00 
 1.62205000e-05  1.65858931e+00 
 1.62305000e-05  1.65858720e+00 
 1.62405000e-05  1.65858511e+00 
 1.62505000e-05  1.65858302e+00 
 1.62605000e-05  1.65858094e+00 
 1.62705000e-05  1.65857887e+00 
 1.62805000e-05  1.65857681e+00 
 1.62905000e-05  1.65857475e+00 
 1.63005000e-05  1.65857271e+00 
 1.63105000e-05  1.65857067e+00 
 1.63205000e-05  1.65856864e+00 
 1.63305000e-05  1.65856662e+00 
 1.63405000e-05  1.65856461e+00 
 1.63505000e-05  1.65856261e+00 
 1.63605000e-05  1.65856061e+00 
 1.63705000e-05  1.65855863e+00 
 1.63805000e-05  1.65855665e+00 
 1.63905000e-05  1.65855468e+00 
 1.64005000e-05  1.65855272e+00 
 1.64105000e-05  1.65855076e+00 
 1.64205000e-05  1.65854882e+00 
 1.64305000e-05  1.65854688e+00 
 1.64405000e-05  1.65854495e+00 
 1.64505000e-05  1.65854302e+00 
 1.64605000e-05  1.65854111e+00 
 1.64705000e-05  1.65853920e+00 
 1.64805000e-05  1.65853730e+00 
 1.64905000e-05  1.65853541e+00 
 1.65005000e-05  1.65853353e+00 
 1.65105000e-05  1.65853165e+00 
 1.65205000e-05  1.65852978e+00 
 1.65305000e-05  1.65852792e+00 
 1.65405000e-05  1.65852606e+00 
 1.65505000e-05  1.65852422e+00 
 1.65605000e-05  1.65852238e+00 
 1.65705000e-05  1.65852054e+00 
 1.65805000e-05  1.65851872e+00 
 1.65905000e-05  1.65851690e+00 
 1.66005000e-05  1.65851509e+00 
 1.66105000e-05  1.65851328e+00 
 1.66205000e-05  1.65851149e+00 
 1.66305000e-05  1.65850970e+00 
 1.66405000e-05  1.65850791e+00 
 1.66505000e-05  1.65850614e+00 
 1.66605000e-05  1.65850437e+00 
 1.66705000e-05  1.65850261e+00 
 1.66805000e-05  1.65850085e+00 
 1.66905000e-05  1.65849910e+00 
 1.67005000e-05  1.65849736e+00 
 1.67105000e-05  1.65849563e+00 
 1.67205000e-05  1.65849390e+00 
 1.67305000e-05  1.65849218e+00 
 1.67405000e-05  1.65849046e+00 
 1.67505000e-05  1.65848875e+00 
 1.67605000e-05  1.65848705e+00 
 1.67705000e-05  1.65848536e+00 
 1.67805000e-05  1.65848367e+00 
 1.67905000e-05  1.65848198e+00 
 1.68005000e-05  1.65848031e+00 
 1.68105000e-05  1.65847864e+00 
 1.68205000e-05  1.65847697e+00 
 1.68305000e-05  1.65847532e+00 
 1.68405000e-05  1.65847367e+00 
 1.68505000e-05  1.65847202e+00 
 1.68605000e-05  1.65847038e+00 
 1.68705000e-05  1.65846875e+00 
 1.68805000e-05  1.65846712e+00 
 1.68905000e-05  1.65846550e+00 
 1.69005000e-05  1.65846389e+00 
 1.69105000e-05  1.65846228e+00 
 1.69205000e-05  1.65846068e+00 
 1.69305000e-05  1.65845908e+00 
 1.69405000e-05  1.65845749e+00 
 1.69505000e-05  1.65845590e+00 
 1.69605000e-05  1.65845433e+00 
 1.69705000e-05  1.65845275e+00 
 1.69805000e-05  1.65845119e+00 
 1.69905000e-05  1.65844962e+00 
 1.70005000e-05  1.65844807e+00 
 1.70105000e-05  1.65844652e+00 
 1.70205000e-05  1.65844497e+00 
 1.70305000e-05  1.65844344e+00 
 1.70405000e-05  1.65844190e+00 
 1.70505000e-05  1.65844037e+00 
 1.70605000e-05  1.65843885e+00 
 1.70705000e-05  1.65843734e+00 
 1.70805000e-05  1.65843582e+00 
 1.70905000e-05  1.65843432e+00 
 1.71005000e-05  1.65843282e+00 
 1.71105000e-05  1.65843132e+00 
 1.71205000e-05  1.65842983e+00 
 1.71305000e-05  1.65842835e+00 
 1.71405000e-05  1.65842687e+00 
 1.71505000e-05  1.65842540e+00 
 1.71605000e-05  1.65842393e+00 
 1.71705000e-05  1.65842247e+00 
 1.71805000e-05  1.65842101e+00 
 1.71905000e-05  1.65841956e+00 
 1.72005000e-05  1.65841811e+00 
 1.72105000e-05  1.65841667e+00 
 1.72205000e-05  1.65841523e+00 
 1.72305000e-05  1.65841380e+00 
 1.72405000e-05  1.65841237e+00 
 1.72505000e-05  1.65841095e+00 
 1.72605000e-05  1.65840953e+00 
 1.72705000e-05  1.65840812e+00 
 1.72805000e-05  1.65840671e+00 
 1.72905000e-05  1.65840531e+00 
 1.73005000e-05  1.65840391e+00 
 1.73105000e-05  1.65840252e+00 
 1.73205000e-05  1.65840113e+00 
 1.73305000e-05  1.65839975e+00 
 1.73405000e-05  1.65839837e+00 
 1.73505000e-05  1.65839699e+00 
 1.73605000e-05  1.65839563e+00 
 1.73705000e-05  1.65839426e+00 
 1.73805000e-05  1.65839290e+00 
 1.73905000e-05  1.65839155e+00 
 1.74005000e-05  1.65839020e+00 
 1.74105000e-05  1.65838885e+00 
 1.74205000e-05  1.65838751e+00 
 1.74305000e-05  1.65838617e+00 
 1.74405000e-05  1.65838484e+00 
 1.74505000e-05  1.65838351e+00 
 1.74605000e-05  1.65838219e+00 
 1.74705000e-05  1.65838087e+00 
 1.74805000e-05  1.65837956e+00 
 1.74905000e-05  1.65837825e+00 
 1.75005000e-05  1.65837695e+00 
 1.75105000e-05  1.65837565e+00 
 1.75205000e-05  1.65837435e+00 
 1.75305000e-05  1.65837306e+00 
 1.75405000e-05  1.65837177e+00 
 1.75505000e-05  1.65837049e+00 
 1.75605000e-05  1.65836921e+00 
 1.75705000e-05  1.65836793e+00 
 1.75805000e-05  1.65836666e+00 
 1.75905000e-05  1.65836540e+00 
 1.76005000e-05  1.65836413e+00 
 1.76105000e-05  1.65836288e+00 
 1.76205000e-05  1.65836162e+00 
 1.76305000e-05  1.65836037e+00 
 1.76405000e-05  1.65835913e+00 
 1.76505000e-05  1.65835789e+00 
 1.76605000e-05  1.65835665e+00 
 1.76705000e-05  1.65835542e+00 
 1.76805000e-05  1.65835419e+00 
 1.76905000e-05  1.65835296e+00 
 1.77005000e-05  1.65835174e+00 
 1.77105000e-05  1.65835052e+00 
 1.77205000e-05  1.65834931e+00 
 1.77305000e-05  1.65834810e+00 
 1.77405000e-05  1.65834690e+00 
 1.77505000e-05  1.65834570e+00 
 1.77605000e-05  1.65834450e+00 
 1.77705000e-05  1.65834331e+00 
 1.77805000e-05  1.65834212e+00 
 1.77905000e-05  1.65834093e+00 
 1.78005000e-05  1.65833975e+00 
 1.78105000e-05  1.65833857e+00 
 1.78205000e-05  1.65833740e+00 
 1.78305000e-05  1.65833622e+00 
 1.78405000e-05  1.65833506e+00 
 1.78505000e-05  1.65833389e+00 
 1.78605000e-05  1.65833274e+00 
 1.78705000e-05  1.65833158e+00 
 1.78805000e-05  1.65833043e+00 
 1.78905000e-05  1.65832928e+00 
 1.79005000e-05  1.65832813e+00 
 1.79105000e-05  1.65832699e+00 
 1.79205000e-05  1.65832585e+00 
 1.79305000e-05  1.65832472e+00 
 1.79405000e-05  1.65832359e+00 
 1.79505000e-05  1.65832246e+00 
 1.79605000e-05  1.65832134e+00 
 1.79705000e-05  1.65832022e+00 
 1.79805000e-05  1.65831910e+00 
 1.79905000e-05  1.65831799e+00 
 1.80005000e-05  1.65831688e+00 
 1.80105000e-05  1.65831578e+00 
 1.80205000e-05  1.65831467e+00 
 1.80305000e-05  1.65831357e+00 
 1.80405000e-05  1.65831248e+00 
 1.80505000e-05  1.65831139e+00 
 1.80605000e-05  1.65831030e+00 
 1.80705000e-05  1.65830921e+00 
 1.80805000e-05  1.65830813e+00 
 1.80905000e-05  1.65830705e+00 
 1.81005000e-05  1.65830598e+00 
 1.81105000e-05  1.65830490e+00 
 1.81205000e-05  1.65830384e+00 
 1.81305000e-05  1.65830277e+00 
 1.81405000e-05  1.65830171e+00 
 1.81505000e-05  1.65830065e+00 
 1.81605000e-05  1.65829959e+00 
 1.81705000e-05  1.65829854e+00 
 1.81805000e-05  1.65829749e+00 
 1.81905000e-05  1.65829645e+00 
 1.82005000e-05  1.65829540e+00 
 1.82105000e-05  1.65829436e+00 
 1.82205000e-05  1.65829333e+00 
 1.82305000e-05  1.65829229e+00 
 1.82405000e-05  1.65829126e+00 
 1.82505000e-05  1.65829023e+00 
 1.82605000e-05  1.65828921e+00 
 1.82705000e-05  1.65828819e+00 
 1.82805000e-05  1.65828717e+00 
 1.82905000e-05  1.65828616e+00 
 1.83005000e-05  1.65828514e+00 
 1.83105000e-05  1.65828413e+00 
 1.83205000e-05  1.65828313e+00 
 1.83305000e-05  1.65828213e+00 
 1.83405000e-05  1.65828113e+00 
 1.83505000e-05  1.65828013e+00 
 1.83605000e-05  1.65827913e+00 
 1.83705000e-05  1.65827814e+00 
 1.83805000e-05  1.65827716e+00 
 1.83905000e-05  1.65827617e+00 
 1.84005000e-05  1.65827519e+00 
 1.84105000e-05  1.65827421e+00 
 1.84205000e-05  1.65827323e+00 
 1.84305000e-05  1.65827226e+00 
 1.84405000e-05  1.65827129e+00 
 1.84505000e-05  1.65827032e+00 
 1.84605000e-05  1.65826935e+00 
 1.84705000e-05  1.65826839e+00 
 1.84805000e-05  1.65826743e+00 
 1.84905000e-05  1.65826648e+00 
 1.85005000e-05  1.65826552e+00 
 1.85105000e-05  1.65826457e+00 
 1.85205000e-05  1.65826362e+00 
 1.85305000e-05  1.65826268e+00 
 1.85405000e-05  1.65826173e+00 
 1.85505000e-05  1.65826079e+00 
 1.85605000e-05  1.65825986e+00 
 1.85705000e-05  1.65825892e+00 
 1.85805000e-05  1.65825799e+00 
 1.85905000e-05  1.65825706e+00 
 1.86005000e-05  1.65825613e+00 
 1.86105000e-05  1.65825521e+00 
 1.86205000e-05  1.65825429e+00 
 1.86305000e-05  1.65825337e+00 
 1.86405000e-05  1.65825245e+00 
 1.86505000e-05  1.65825154e+00 
 1.86605000e-05  1.65825063e+00 
 1.86705000e-05  1.65824972e+00 
 1.86805000e-05  1.65824881e+00 
 1.86905000e-05  1.65824791e+00 
 1.87005000e-05  1.65824701e+00 
 1.87105000e-05  1.65824611e+00 
 1.87205000e-05  1.65824521e+00 
 1.87305000e-05  1.65824432e+00 
 1.87405000e-05  1.65824343e+00 
 1.87505000e-05  1.65824254e+00 
 1.87605000e-05  1.65824166e+00 
 1.87705000e-05  1.65824077e+00 
 1.87805000e-05  1.65823989e+00 
 1.87905000e-05  1.65823902e+00 
 1.88005000e-05  1.65823814e+00 
 1.88105000e-05  1.65823727e+00 
 1.88205000e-05  1.65823640e+00 
 1.88305000e-05  1.65823553e+00 
 1.88405000e-05  1.65823466e+00 
 1.88505000e-05  1.65823380e+00 
 1.88605000e-05  1.65823294e+00 
 1.88705000e-05  1.65823208e+00 
 1.88805000e-05  1.65823122e+00 
 1.88905000e-05  1.65823037e+00 
 1.89005000e-05  1.65822952e+00 
 1.89105000e-05  1.65822867e+00 
 1.89205000e-05  1.65822782e+00 
 1.89305000e-05  1.65822697e+00 
 1.89405000e-05  1.65822613e+00 
 1.89505000e-05  1.65822529e+00 
 1.89605000e-05  1.65822445e+00 
 1.89705000e-05  1.65822362e+00 
 1.89805000e-05  1.65822279e+00 
 1.89905000e-05  1.65822195e+00 
 1.90005000e-05  1.65822113e+00 
 1.90105000e-05  1.65822030e+00 
 1.90205000e-05  1.65821948e+00 
 1.90305000e-05  1.65821865e+00 
 1.90405000e-05  1.65821783e+00 
 1.90505000e-05  1.65821702e+00 
 1.90605000e-05  1.65821620e+00 
 1.90705000e-05  1.65821539e+00 
 1.90805000e-05  1.65821458e+00 
 1.90905000e-05  1.65821377e+00 
 1.91005000e-05  1.65821296e+00 
 1.91105000e-05  1.65821216e+00 
 1.91205000e-05  1.65821136e+00 
 1.91305000e-05  1.65821055e+00 
 1.91405000e-05  1.65820976e+00 
 1.91505000e-05  1.65820896e+00 
 1.91605000e-05  1.65820817e+00 
 1.91705000e-05  1.65820738e+00 
 1.91805000e-05  1.65820659e+00 
 1.91905000e-05  1.65820580e+00 
 1.92005000e-05  1.65820501e+00 
 1.92105000e-05  1.65820423e+00 
 1.92205000e-05  1.65820345e+00 
 1.92305000e-05  1.65820267e+00 
 1.92405000e-05  1.65820189e+00 
 1.92505000e-05  1.65820112e+00 
 1.92605000e-05  1.65820035e+00 
 1.92705000e-05  1.65819957e+00 
 1.92805000e-05  1.65819881e+00 
 1.92905000e-05  1.65819804e+00 
 1.93005000e-05  1.65819727e+00 
 1.93105000e-05  1.65819651e+00 
 1.93205000e-05  1.65819575e+00 
 1.93305000e-05  1.65819499e+00 
 1.93405000e-05  1.65819424e+00 
 1.93505000e-05  1.65819348e+00 
 1.93605000e-05  1.65819273e+00 
 1.93705000e-05  1.65819198e+00 
 1.93805000e-05  1.65819123e+00 
 1.93905000e-05  1.65819048e+00 
 1.94005000e-05  1.65818973e+00 
 1.94105000e-05  1.65818899e+00 
 1.94205000e-05  1.65818825e+00 
 1.94305000e-05  1.65818751e+00 
 1.94405000e-05  1.65818677e+00 
 1.94505000e-05  1.65818604e+00 
 1.94605000e-05  1.65818530e+00 
 1.94705000e-05  1.65818457e+00 
 1.94805000e-05  1.65818384e+00 
 1.94905000e-05  1.65818311e+00 
 1.95005000e-05  1.65818239e+00 
 1.95105000e-05  1.65818166e+00 
 1.95205000e-05  1.65818094e+00 
 1.95305000e-05  1.65818022e+00 
 1.95405000e-05  1.65817950e+00 
 1.95505000e-05  1.65817879e+00 
 1.95605000e-05  1.65817807e+00 
 1.95705000e-05  1.65817736e+00 
 1.95805000e-05  1.65817665e+00 
 1.95905000e-05  1.65817594e+00 
 1.96005000e-05  1.65817523e+00 
 1.96105000e-05  1.65817452e+00 
 1.96205000e-05  1.65817382e+00 
 1.96305000e-05  1.65817311e+00 
 1.96405000e-05  1.65817241e+00 
 1.96505000e-05  1.65817171e+00 
 1.96605000e-05  1.65817102e+00 
 1.96705000e-05  1.65817032e+00 
 1.96805000e-05  1.65816963e+00 
 1.96905000e-05  1.65816894e+00 
 1.97005000e-05  1.65816825e+00 
 1.97105000e-05  1.65816756e+00 
 1.97205000e-05  1.65816687e+00 
 1.97305000e-05  1.65816618e+00 
 1.97405000e-05  1.65816550e+00 
 1.97505000e-05  1.65816482e+00 
 1.97605000e-05  1.65816414e+00 
 1.97705000e-05  1.65816346e+00 
 1.97805000e-05  1.65816278e+00 
 1.97905000e-05  1.65816211e+00 
 1.98005000e-05  1.65816144e+00 
 1.98105000e-05  1.65816076e+00 
 1.98205000e-05  1.65816009e+00 
 1.98305000e-05  1.65815943e+00 
 1.98405000e-05  1.65815876e+00 
 1.98505000e-05  1.65815809e+00 
 1.98605000e-05  1.65815743e+00 
 1.98705000e-05  1.65815677e+00 
 1.98805000e-05  1.65815611e+00 
 1.98905000e-05  1.65815545e+00 
 1.99005000e-05  1.65815479e+00 
 1.99105000e-05  1.65815414e+00 
 1.99205000e-05  1.65815348e+00 
 1.99305000e-05  1.65815283e+00 
 1.99405000e-05  1.65815218e+00 
 1.99505000e-05  1.65815153e+00 
 1.99605000e-05  1.65815088e+00 
 1.99705000e-05  1.65815024e+00 
 1.99805000e-05  1.65814959e+00 
 1.99905000e-05  1.65814895e+00 
 2.00005000e-05  1.65814831e+00 
 2.00105000e-05  1.65814767e+00 
 2.00205000e-05  1.65814703e+00 
 2.00305000e-05  1.65814639e+00 
 2.00405000e-05  1.65814576e+00 
 2.00505000e-05  1.65814512e+00 
 2.00605000e-05  1.65814449e+00 
 2.00705000e-05  1.65814386e+00 
 2.00805000e-05  1.65814323e+00 
 2.00905000e-05  1.65814260e+00 
 2.01005000e-05  1.65814198e+00 
 2.01105000e-05  1.65814135e+00 
 2.01205000e-05  1.65814073e+00 
 2.01305000e-05  1.65814011e+00 
 2.01405000e-05  1.65813949e+00 
 2.01505000e-05  1.65813887e+00 
 2.01605000e-05  1.65813825e+00 
 2.01705000e-05  1.65813764e+00 
 2.01805000e-05  1.65813702e+00 
 2.01905000e-05  1.65813641e+00 
 2.02005000e-05  1.65813580e+00 
 2.02105000e-05  1.65813519e+00 
 2.02205000e-05  1.65813458e+00 
 2.02305000e-05  1.65813397e+00 
 2.02405000e-05  1.65813337e+00 
 2.02505000e-05  1.65813276e+00 
 2.02605000e-05  1.65813216e+00 
 2.02705000e-05  1.65813156e+00 
 2.02805000e-05  1.65813096e+00 
 2.02905000e-05  1.65813036e+00 
 2.03005000e-05  1.65812976e+00 
 2.03105000e-05  1.65812917e+00 
 2.03205000e-05  1.65812857e+00 
 2.03305000e-05  1.65812798e+00 
 2.03405000e-05  1.65812739e+00 
 2.03505000e-05  1.65812680e+00 
 2.03605000e-05  1.65812621e+00 
 2.03705000e-05  1.65812562e+00 
 2.03805000e-05  1.65812503e+00 
 2.03905000e-05  1.65812445e+00 
 2.04005000e-05  1.65812387e+00 
 2.04105000e-05  1.65812328e+00 
 2.04205000e-05  1.65812270e+00 
 2.04305000e-05  1.65812212e+00 
 2.04405000e-05  1.65812155e+00 
 2.04505000e-05  1.65812097e+00 
 2.04605000e-05  1.65812039e+00 
 2.04705000e-05  1.65811982e+00 
 2.04805000e-05  1.65811925e+00 
 2.04905000e-05  1.65811867e+00 
 2.05005000e-05  1.65811810e+00 
 2.05105000e-05  1.65811753e+00 
 2.05205000e-05  1.65811697e+00 
 2.05305000e-05  1.65811640e+00 
 2.05405000e-05  1.65811584e+00 
 2.05505000e-05  1.65811527e+00 
 2.05605000e-05  1.65811471e+00 
 2.05705000e-05  1.65811415e+00 
 2.05805000e-05  1.65811359e+00 
 2.05905000e-05  1.65811303e+00 
 2.06005000e-05  1.65811247e+00 
 2.06105000e-05  1.65811192e+00 
 2.06205000e-05  1.65811136e+00 
 2.06305000e-05  1.65811081e+00 
 2.06405000e-05  1.65811025e+00 
 2.06505000e-05  1.65810970e+00 
 2.06605000e-05  1.65810915e+00 
 2.06705000e-05  1.65810860e+00 
 2.06805000e-05  1.65810806e+00 
 2.06905000e-05  1.65810751e+00 
 2.07005000e-05  1.65810697e+00 
 2.07105000e-05  1.65810642e+00 
 2.07205000e-05  1.65810588e+00 
 2.07305000e-05  1.65810534e+00 
 2.07405000e-05  1.65810480e+00 
 2.07505000e-05  1.65810426e+00 
 2.07605000e-05  1.65810372e+00 
 2.07705000e-05  1.65810318e+00 
 2.07805000e-05  1.65810265e+00 
 2.07905000e-05  1.65810211e+00 
 2.08005000e-05  1.65810158e+00 
 2.08105000e-05  1.65810105e+00 
 2.08205000e-05  1.65810052e+00 
 2.08305000e-05  1.65809999e+00 
 2.08405000e-05  1.65809946e+00 
 2.08505000e-05  1.65809893e+00 
 2.08605000e-05  1.65809840e+00 
 2.08705000e-05  1.65809788e+00 
 2.08805000e-05  1.65809736e+00 
 2.08905000e-05  1.65809683e+00 
 2.09005000e-05  1.65809631e+00 
 2.09105000e-05  1.65809579e+00 
 2.09205000e-05  1.65809527e+00 
 2.09305000e-05  1.65809475e+00 
 2.09405000e-05  1.65809424e+00 
 2.09505000e-05  1.65809372e+00 
 2.09605000e-05  1.65809321e+00 
 2.09705000e-05  1.65809269e+00 
 2.09805000e-05  1.65809218e+00 
 2.09905000e-05  1.65809167e+00 
 2.10000000e-05  1.65809118e+00 
 2.10010000e-05  1.65809140e+00 
 2.10030000e-05  1.65809296e+00 
 2.10065000e-05  1.65810380e+00 
 2.10100000e-05  1.65812795e+00 
 2.10107000e-05  1.65813474e+00 
 2.10121000e-05  1.65814917e+00 
 2.10149000e-05  1.65818124e+00 
 2.10205000e-05  1.65825233e+00 
 2.10305000e-05  1.65840062e+00 
 2.10405000e-05  1.65858035e+00 
 2.10505000e-05  1.65879740e+00 
 2.10605000e-05  1.65905761e+00 
 2.10705000e-05  1.65936757e+00 
 2.10805000e-05  1.65973446e+00 
 2.10905000e-05  1.66016536e+00 
 2.11005000e-05  1.66066775e+00 
 2.11105000e-05  1.66124879e+00 
 2.11205000e-05  1.66191533e+00 
 2.11305000e-05  1.66267354e+00 
 2.11405000e-05  1.66352873e+00 
 2.11505000e-05  1.66448502e+00 
 2.11605000e-05  1.66554526e+00 
 2.11705000e-05  1.66671071e+00 
 2.11805000e-05  1.66798108e+00 
 2.11905000e-05  1.66935432e+00 
 2.12005000e-05  1.67082674e+00 
 2.12105000e-05  1.67239299e+00 
 2.12205000e-05  1.67404619e+00 
 2.12305000e-05  1.67577812e+00 
 2.12405000e-05  1.67757937e+00 
 2.12505000e-05  1.67943963e+00 
 2.12605000e-05  1.68134791e+00 
 2.12705000e-05  1.68329281e+00 
 2.12805000e-05  1.68526280e+00 
 2.12905000e-05  1.68724645e+00 
 2.13005000e-05  1.68923266e+00 
 2.13105000e-05  1.69121086e+00 
 2.13205000e-05  1.69317120e+00 
 2.13305000e-05  1.69510465e+00 
 2.13405000e-05  1.69700308e+00 
 2.13505000e-05  1.69885938e+00 
 2.13605000e-05  1.70066742e+00 
 2.13705000e-05  1.70242209e+00 
 2.13805000e-05  1.70411924e+00 
 2.13905000e-05  1.70575568e+00 
 2.14005000e-05  1.70732907e+00 
 2.14105000e-05  1.70883786e+00 
 2.14205000e-05  1.71028122e+00 
 2.14305000e-05  1.71165897e+00 
 2.14405000e-05  1.71297145e+00 
 2.14505000e-05  1.71421950e+00 
 2.14605000e-05  1.71540434e+00 
 2.14705000e-05  1.71652749e+00 
 2.14805000e-05  1.71759077e+00 
 2.14905000e-05  1.71859616e+00 
 2.15005000e-05  1.71954581e+00 
 2.15105000e-05  1.72044196e+00 
 2.15205000e-05  1.72128691e+00 
 2.15305000e-05  1.72208301e+00 
 2.15405000e-05  1.72283257e+00 
 2.15505000e-05  1.72353792e+00 
 2.15605000e-05  1.72420133e+00 
 2.15705000e-05  1.72482502e+00 
 2.15805000e-05  1.72541114e+00 
 2.15905000e-05  1.72596179e+00 
 2.16005000e-05  1.72647895e+00 
 2.16105000e-05  1.72696456e+00 
 2.16205000e-05  1.72742043e+00 
 2.16305000e-05  1.72784832e+00 
 2.16405000e-05  1.72824989e+00 
 2.16505000e-05  1.72862672e+00 
 2.16605000e-05  1.72898028e+00 
 2.16705000e-05  1.72931200e+00 
 2.16805000e-05  1.72962320e+00 
 2.16905000e-05  1.72991514e+00 
 2.17005000e-05  1.73018900e+00 
 2.17105000e-05  1.73044590e+00 
 2.17205000e-05  1.73068687e+00 
 2.17305000e-05  1.73091292e+00 
 2.17405000e-05  1.73112495e+00 
 2.17505000e-05  1.73132385e+00 
 2.17605000e-05  1.73151042e+00 
 2.17705000e-05  1.73168544e+00 
 2.17805000e-05  1.73184962e+00 
 2.17905000e-05  1.73200363e+00 
 2.18005000e-05  1.73214812e+00 
 2.18105000e-05  1.73228366e+00 
 2.18205000e-05  1.73241082e+00 
 2.18305000e-05  1.73253012e+00 
 2.18405000e-05  1.73264204e+00 
 2.18505000e-05  1.73274705e+00 
 2.18605000e-05  1.73284557e+00 
 2.18705000e-05  1.73293802e+00 
 2.18805000e-05  1.73302475e+00 
 2.18905000e-05  1.73310614e+00 
 2.19005000e-05  1.73318251e+00 
 2.19105000e-05  1.73325417e+00 
 2.19205000e-05  1.73332141e+00 
 2.19305000e-05  1.73338451e+00 
 2.19405000e-05  1.73344372e+00 
 2.19505000e-05  1.73349929e+00 
 2.19605000e-05  1.73355144e+00 
 2.19705000e-05  1.73360038e+00 
 2.19805000e-05  1.73364631e+00 
 2.19905000e-05  1.73368941e+00 
 2.20005000e-05  1.73372987e+00 
 2.20105000e-05  1.73376783e+00 
 2.20205000e-05  1.73380347e+00 
 2.20305000e-05  1.73383691e+00 
 2.20405000e-05  1.73386830e+00 
 2.20505000e-05  1.73389776e+00 
 2.20605000e-05  1.73392541e+00 
 2.20705000e-05  1.73395136e+00 
 2.20805000e-05  1.73397572e+00 
 2.20905000e-05  1.73399859e+00 
 2.21005000e-05  1.73402005e+00 
 2.21105000e-05  1.73404020e+00 
 2.21205000e-05  1.73405910e+00 
 2.21305000e-05  1.73407685e+00 
 2.21405000e-05  1.73409351e+00 
 2.21505000e-05  1.73410915e+00 
 2.21605000e-05  1.73412383e+00 
 2.21705000e-05  1.73413761e+00 
 2.21805000e-05  1.73415054e+00 
 2.21905000e-05  1.73416268e+00 
 2.22005000e-05  1.73417408e+00 
 2.22105000e-05  1.73418478e+00 
 2.22205000e-05  1.73419482e+00 
 2.22305000e-05  1.73420425e+00 
 2.22405000e-05  1.73421310e+00 
 2.22505000e-05  1.73422140e+00 
 2.22605000e-05  1.73422920e+00 
 2.22705000e-05  1.73423652e+00 
 2.22805000e-05  1.73424339e+00 
 2.22905000e-05  1.73424984e+00 
 2.23005000e-05  1.73425589e+00 
 2.23105000e-05  1.73426158e+00 
 2.23205000e-05  1.73426691e+00 
 2.23305000e-05  1.73427192e+00 
 2.23405000e-05  1.73427662e+00 
 2.23505000e-05  1.73428104e+00 
 2.23605000e-05  1.73428518e+00 
 2.23705000e-05  1.73428907e+00 
 2.23805000e-05  1.73429272e+00 
 2.23905000e-05  1.73429615e+00 
 2.24005000e-05  1.73429937e+00 
 2.24105000e-05  1.73430239e+00 
 2.24205000e-05  1.73430522e+00 
 2.24305000e-05  1.73430789e+00 
 2.24405000e-05  1.73431039e+00 
 2.24505000e-05  1.73431273e+00 
 2.24605000e-05  1.73431493e+00 
 2.24705000e-05  1.73431700e+00 
 2.24805000e-05  1.73431894e+00 
 2.24905000e-05  1.73432076e+00 
 2.25005000e-05  1.73432247e+00 
 2.25105000e-05  1.73432408e+00 
 2.25205000e-05  1.73432559e+00 
 2.25305000e-05  1.73432700e+00 
 2.25405000e-05  1.73432833e+00 
 2.25505000e-05  1.73432958e+00 
 2.25605000e-05  1.73433075e+00 
 2.25705000e-05  1.73433185e+00 
 2.25805000e-05  1.73433288e+00 
 2.25905000e-05  1.73433385e+00 
 2.26005000e-05  1.73433476e+00 
 2.26105000e-05  1.73433561e+00 
 2.26205000e-05  1.73433641e+00 
 2.26305000e-05  1.73433716e+00 
 2.26405000e-05  1.73433787e+00 
 2.26505000e-05  1.73433853e+00 
 2.26605000e-05  1.73433915e+00 
 2.26705000e-05  1.73433974e+00 
 2.26805000e-05  1.73434029e+00 
 2.26905000e-05  1.73434080e+00 
 2.27005000e-05  1.73434128e+00 
 2.27105000e-05  1.73434174e+00 
 2.27205000e-05  1.73434216e+00 
 2.27305000e-05  1.73434256e+00 
 2.27405000e-05  1.73434294e+00 
 2.27505000e-05  1.73434329e+00 
 2.27605000e-05  1.73434362e+00 
 2.27705000e-05  1.73434393e+00 
 2.27805000e-05  1.73434423e+00 
 2.27905000e-05  1.73434450e+00 
 2.28005000e-05  1.73434476e+00 
 2.28105000e-05  1.73434500e+00 
 2.28205000e-05  1.73434522e+00 
 2.28305000e-05  1.73434544e+00 
 2.28405000e-05  1.73434564e+00 
 2.28505000e-05  1.73434582e+00 
 2.28605000e-05  1.73434600e+00 
 2.28705000e-05  1.73434616e+00 
 2.28805000e-05  1.73434632e+00 
 2.28905000e-05  1.73434646e+00 
 2.29005000e-05  1.73434660e+00 
 2.29105000e-05  1.73434673e+00 
 2.29205000e-05  1.73434685e+00 
 2.29305000e-05  1.73434696e+00 
 2.29405000e-05  1.73434707e+00 
 2.29505000e-05  1.73434717e+00 
 2.29605000e-05  1.73434726e+00 
 2.29705000e-05  1.73434735e+00 
 2.29805000e-05  1.73434743e+00 
 2.29905000e-05  1.73434751e+00 
 2.30005000e-05  1.73434758e+00 
 2.30105000e-05  1.73434765e+00 
 2.30205000e-05  1.73434771e+00 
 2.30305000e-05  1.73434777e+00 
 2.30405000e-05  1.73434783e+00 
 2.30505000e-05  1.73434788e+00 
 2.30605000e-05  1.73434793e+00 
 2.30705000e-05  1.73434798e+00 
 2.30805000e-05  1.73434802e+00 
 2.30905000e-05  1.73434806e+00 
 2.31005000e-05  1.73434810e+00 
 2.31105000e-05  1.73434814e+00 
 2.31205000e-05  1.73434817e+00 
 2.31305000e-05  1.73434821e+00 
 2.31405000e-05  1.73434824e+00 
 2.31505000e-05  1.73434826e+00 
 2.31605000e-05  1.73434829e+00 
 2.31705000e-05  1.73434831e+00 
 2.31805000e-05  1.73434834e+00 
 2.31905000e-05  1.73434836e+00 
 2.32005000e-05  1.73434838e+00 
 2.32105000e-05  1.73434840e+00 
 2.32205000e-05  1.73434842e+00 
 2.32305000e-05  1.73434843e+00 
 2.32405000e-05  1.73434845e+00 
 2.32505000e-05  1.73434847e+00 
 2.32605000e-05  1.73434848e+00 
 2.32705000e-05  1.73434849e+00 
 2.32805000e-05  1.73434850e+00 
 2.32905000e-05  1.73434852e+00 
 2.33005000e-05  1.73434853e+00 
 2.33105000e-05  1.73434854e+00 
 2.33205000e-05  1.73434855e+00 
 2.33305000e-05  1.73434856e+00 
 2.33405000e-05  1.73434856e+00 
 2.33505000e-05  1.73434857e+00 
 2.33605000e-05  1.73434858e+00 
 2.33705000e-05  1.73434859e+00 
 2.33805000e-05  1.73434859e+00 
 2.33905000e-05  1.73434860e+00 
 2.34005000e-05  1.73434861e+00 
 2.34105000e-05  1.73434861e+00 
 2.34205000e-05  1.73434862e+00 
 2.34305000e-05  1.73434862e+00 
 2.34405000e-05  1.73434863e+00 
 2.34505000e-05  1.73434863e+00 
 2.34605000e-05  1.73434863e+00 
 2.34705000e-05  1.73434864e+00 
 2.34805000e-05  1.73434864e+00 
 2.34905000e-05  1.73434864e+00 
 2.35005000e-05  1.73434865e+00 
 2.35105000e-05  1.73434865e+00 
 2.35205000e-05  1.73434865e+00 
 2.35305000e-05  1.73434866e+00 
 2.35405000e-05  1.73434866e+00 
 2.35505000e-05  1.73434866e+00 
 2.35605000e-05  1.73434866e+00 
 2.35705000e-05  1.73434866e+00 
 2.35805000e-05  1.73434867e+00 
 2.35905000e-05  1.73434867e+00 
 2.36005000e-05  1.73434867e+00 
 2.36105000e-05  1.73434867e+00 
 2.36205000e-05  1.73434867e+00 
 2.36305000e-05  1.73434867e+00 
 2.36405000e-05  1.73434868e+00 
 2.36505000e-05  1.73434868e+00 
 2.36605000e-05  1.73434868e+00 
 2.36705000e-05  1.73434868e+00 
 2.36805000e-05  1.73434868e+00 
 2.36905000e-05  1.73434868e+00 
 2.37005000e-05  1.73434868e+00 
 2.37105000e-05  1.73434868e+00 
 2.37205000e-05  1.73434868e+00 
 2.37305000e-05  1.73434868e+00 
 2.37405000e-05  1.73434868e+00 
 2.37505000e-05  1.73434868e+00 
 2.37605000e-05  1.73434869e+00 
 2.37705000e-05  1.73434869e+00 
 2.37805000e-05  1.73434869e+00 
 2.37905000e-05  1.73434869e+00 
 2.38005000e-05  1.73434869e+00 
 2.38105000e-05  1.73434869e+00 
 2.38205000e-05  1.73434869e+00 
 2.38305000e-05  1.73434869e+00 
 2.38405000e-05  1.73434869e+00 
 2.38505000e-05  1.73434869e+00 
 2.38605000e-05  1.73434869e+00 
 2.38705000e-05  1.73434869e+00 
 2.38805000e-05  1.73434869e+00 
 2.38905000e-05  1.73434869e+00 
 2.39005000e-05  1.73434869e+00 
 2.39105000e-05  1.73434869e+00 
 2.39205000e-05  1.73434869e+00 
 2.39305000e-05  1.73434869e+00 
 2.39405000e-05  1.73434869e+00 
 2.39505000e-05  1.73434869e+00 
 2.39605000e-05  1.73434869e+00 
 2.39705000e-05  1.73434869e+00 
 2.39805000e-05  1.73434869e+00 
 2.39905000e-05  1.73434869e+00 
 2.40005000e-05  1.73434869e+00 
 2.40105000e-05  1.73434869e+00 
 2.40205000e-05  1.73434869e+00 
 2.40305000e-05  1.73434869e+00 
 2.40405000e-05  1.73434869e+00 
 2.40505000e-05  1.73434869e+00 
 2.40605000e-05  1.73434869e+00 
 2.40705000e-05  1.73434869e+00 
 2.40805000e-05  1.73434869e+00 
 2.40905000e-05  1.73434869e+00 
 2.41005000e-05  1.73434869e+00 
 2.41105000e-05  1.73434869e+00 
 2.41205000e-05  1.73434869e+00 
 2.41305000e-05  1.73434869e+00 
 2.41405000e-05  1.73434869e+00 
 2.41505000e-05  1.73434869e+00 
 2.41605000e-05  1.73434869e+00 
 2.41705000e-05  1.73434869e+00 
 2.41805000e-05  1.73434869e+00 
 2.41905000e-05  1.73434869e+00 
 2.42005000e-05  1.73434869e+00 
 2.42105000e-05  1.73434869e+00 
 2.42205000e-05  1.73434869e+00 
 2.42305000e-05  1.73434869e+00 
 2.42405000e-05  1.73434869e+00 
 2.42505000e-05  1.73434869e+00 
 2.42605000e-05  1.73434869e+00 
 2.42705000e-05  1.73434869e+00 
 2.42805000e-05  1.73434869e+00 
 2.42905000e-05  1.73434869e+00 
 2.43005000e-05  1.73434869e+00 
 2.43105000e-05  1.73434869e+00 
 2.43205000e-05  1.73434869e+00 
 2.43305000e-05  1.73434869e+00 
 2.43405000e-05  1.73434869e+00 
 2.43505000e-05  1.73434869e+00 
 2.43605000e-05  1.73434869e+00 
 2.43705000e-05  1.73434869e+00 
 2.43805000e-05  1.73434869e+00 
 2.43905000e-05  1.73434869e+00 
 2.44005000e-05  1.73434869e+00 
 2.44105000e-05  1.73434869e+00 
 2.44205000e-05  1.73434869e+00 
 2.44305000e-05  1.73434869e+00 
 2.44405000e-05  1.73434869e+00 
 2.44505000e-05  1.73434869e+00 
 2.44605000e-05  1.73434869e+00 
 2.44705000e-05  1.73434869e+00 
 2.44805000e-05  1.73434869e+00 
 2.44905000e-05  1.73434869e+00 
 2.45005000e-05  1.73434869e+00 
 2.45105000e-05  1.73434869e+00 
 2.45205000e-05  1.73434869e+00 
 2.45305000e-05  1.73434869e+00 
 2.45405000e-05  1.73434869e+00 
 2.45505000e-05  1.73434869e+00 
 2.45605000e-05  1.73434869e+00 
 2.45705000e-05  1.73434869e+00 
 2.45805000e-05  1.73434869e+00 
 2.45905000e-05  1.73434869e+00 
 2.46005000e-05  1.73434869e+00 
 2.46105000e-05  1.73434869e+00 
 2.46205000e-05  1.73434869e+00 
 2.46305000e-05  1.73434869e+00 
 2.46405000e-05  1.73434869e+00 
 2.46505000e-05  1.73434869e+00 
 2.46605000e-05  1.73434869e+00 
 2.46705000e-05  1.73434869e+00 
 2.46805000e-05  1.73434869e+00 
 2.46905000e-05  1.73434869e+00 
 2.47005000e-05  1.73434869e+00 
 2.47105000e-05  1.73434869e+00 
 2.47205000e-05  1.73434869e+00 
 2.47305000e-05  1.73434869e+00 
 2.47405000e-05  1.73434869e+00 
 2.47505000e-05  1.73434869e+00 
 2.47605000e-05  1.73434869e+00 
 2.47705000e-05  1.73434869e+00 
 2.47805000e-05  1.73434869e+00 
 2.47905000e-05  1.73434869e+00 
 2.48005000e-05  1.73434869e+00 
 2.48105000e-05  1.73434869e+00 
 2.48205000e-05  1.73434869e+00 
 2.48305000e-05  1.73434869e+00 
 2.48405000e-05  1.73434869e+00 
 2.48505000e-05  1.73434869e+00 
 2.48605000e-05  1.73434869e+00 
 2.48705000e-05  1.73434869e+00 
 2.48805000e-05  1.73434869e+00 
 2.48905000e-05  1.73434869e+00 
 2.49005000e-05  1.73434869e+00 
 2.49105000e-05  1.73434869e+00 
 2.49205000e-05  1.73434869e+00 
 2.49305000e-05  1.73434869e+00 
 2.49405000e-05  1.73434869e+00 
 2.49505000e-05  1.73434869e+00 
 2.49605000e-05  1.73434869e+00 
 2.49705000e-05  1.73434869e+00 
 2.49805000e-05  1.73434869e+00 
 2.49905000e-05  1.73434869e+00 
 2.50005000e-05  1.73434869e+00 
 2.50105000e-05  1.73434869e+00 
 2.50205000e-05  1.73434869e+00 
 2.50305000e-05  1.73434869e+00 
 2.50405000e-05  1.73434869e+00 
 2.50505000e-05  1.73434869e+00 
 2.50605000e-05  1.73434869e+00 
 2.50705000e-05  1.73434869e+00 
 2.50805000e-05  1.73434869e+00 
 2.50905000e-05  1.73434869e+00 
 2.51005000e-05  1.73434869e+00 
 2.51105000e-05  1.73434869e+00 
 2.51205000e-05  1.73434869e+00 
 2.51305000e-05  1.73434869e+00 
 2.51405000e-05  1.73434869e+00 
 2.51505000e-05  1.73434869e+00 
 2.51605000e-05  1.73434869e+00 
 2.51705000e-05  1.73434869e+00 
 2.51805000e-05  1.73434869e+00 
 2.51905000e-05  1.73434869e+00 
 2.52005000e-05  1.73434869e+00 
 2.52105000e-05  1.73434869e+00 
 2.52205000e-05  1.73434869e+00 
 2.52305000e-05  1.73434869e+00 
 2.52405000e-05  1.73434869e+00 
 2.52505000e-05  1.73434869e+00 
 2.52605000e-05  1.73434869e+00 
 2.52705000e-05  1.73434869e+00 
 2.52805000e-05  1.73434869e+00 
 2.52905000e-05  1.73434869e+00 
 2.53005000e-05  1.73434869e+00 
 2.53105000e-05  1.73434869e+00 
 2.53205000e-05  1.73434869e+00 
 2.53305000e-05  1.73434869e+00 
 2.53405000e-05  1.73434869e+00 
 2.53505000e-05  1.73434869e+00 
 2.53605000e-05  1.73434869e+00 
 2.53705000e-05  1.73434869e+00 
 2.53805000e-05  1.73434869e+00 
 2.53905000e-05  1.73434869e+00 
 2.54005000e-05  1.73434869e+00 
 2.54105000e-05  1.73434869e+00 
 2.54205000e-05  1.73434869e+00 
 2.54305000e-05  1.73434869e+00 
 2.54405000e-05  1.73434869e+00 
 2.54505000e-05  1.73434869e+00 
 2.54605000e-05  1.73434869e+00 
 2.54705000e-05  1.73434869e+00 
 2.54805000e-05  1.73434869e+00 
 2.54905000e-05  1.73434869e+00 
 2.55005000e-05  1.73434869e+00 
 2.55105000e-05  1.73434869e+00 
 2.55205000e-05  1.73434869e+00 
 2.55305000e-05  1.73434869e+00 
 2.55405000e-05  1.73434869e+00 
 2.55505000e-05  1.73434869e+00 
 2.55605000e-05  1.73434869e+00 
 2.55705000e-05  1.73434869e+00 
 2.55805000e-05  1.73434869e+00 
 2.55905000e-05  1.73434869e+00 
 2.56005000e-05  1.73434869e+00 
 2.56105000e-05  1.73434869e+00 
 2.56205000e-05  1.73434869e+00 
 2.56305000e-05  1.73434869e+00 
 2.56405000e-05  1.73434869e+00 
 2.56505000e-05  1.73434869e+00 
 2.56605000e-05  1.73434869e+00 
 2.56705000e-05  1.73434869e+00 
 2.56805000e-05  1.73434869e+00 
 2.56905000e-05  1.73434869e+00 
 2.57005000e-05  1.73434869e+00 
 2.57105000e-05  1.73434869e+00 
 2.57205000e-05  1.73434869e+00 
 2.57305000e-05  1.73434869e+00 
 2.57405000e-05  1.73434869e+00 
 2.57505000e-05  1.73434869e+00 
 2.57605000e-05  1.73434869e+00 
 2.57705000e-05  1.73434869e+00 
 2.57805000e-05  1.73434869e+00 
 2.57905000e-05  1.73434869e+00 
 2.58005000e-05  1.73434869e+00 
 2.58105000e-05  1.73434869e+00 
 2.58205000e-05  1.73434869e+00 
 2.58305000e-05  1.73434869e+00 
 2.58405000e-05  1.73434869e+00 
 2.58505000e-05  1.73434869e+00 
 2.58605000e-05  1.73434869e+00 
 2.58705000e-05  1.73434869e+00 
 2.58805000e-05  1.73434869e+00 
 2.58905000e-05  1.73434869e+00 
 2.59005000e-05  1.73434869e+00 
 2.59105000e-05  1.73434869e+00 
 2.59205000e-05  1.73434869e+00 
 2.59305000e-05  1.73434869e+00 
 2.59405000e-05  1.73434869e+00 
 2.59505000e-05  1.73434869e+00 
 2.59605000e-05  1.73434869e+00 
 2.59705000e-05  1.73434869e+00 
 2.59805000e-05  1.73434869e+00 
 2.59905000e-05  1.73434869e+00 
 2.60005000e-05  1.73434869e+00 
 2.60105000e-05  1.73434869e+00 
 2.60205000e-05  1.73434869e+00 
 2.60305000e-05  1.73434869e+00 
 2.60405000e-05  1.73434869e+00 
 2.60505000e-05  1.73434869e+00 
 2.60605000e-05  1.73434869e+00 
 2.60705000e-05  1.73434869e+00 
 2.60805000e-05  1.73434869e+00 
 2.60905000e-05  1.73434869e+00 
 2.61005000e-05  1.73434869e+00 
 2.61105000e-05  1.73434869e+00 
 2.61205000e-05  1.73434869e+00 
 2.61305000e-05  1.73434869e+00 
 2.61405000e-05  1.73434869e+00 
 2.61505000e-05  1.73434869e+00 
 2.61605000e-05  1.73434869e+00 
 2.61705000e-05  1.73434869e+00 
 2.61805000e-05  1.73434869e+00 
 2.61905000e-05  1.73434869e+00 
 2.62005000e-05  1.73434869e+00 
 2.62105000e-05  1.73434869e+00 
 2.62205000e-05  1.73434869e+00 
 2.62305000e-05  1.73434869e+00 
 2.62405000e-05  1.73434869e+00 
 2.62505000e-05  1.73434869e+00 
 2.62605000e-05  1.73434869e+00 
 2.62705000e-05  1.73434869e+00 
 2.62805000e-05  1.73434869e+00 
 2.62905000e-05  1.73434869e+00 
 2.63005000e-05  1.73434869e+00 
 2.63105000e-05  1.73434869e+00 
 2.63205000e-05  1.73434869e+00 
 2.63305000e-05  1.73434869e+00 
 2.63405000e-05  1.73434869e+00 
 2.63505000e-05  1.73434869e+00 
 2.63605000e-05  1.73434869e+00 
 2.63705000e-05  1.73434869e+00 
 2.63805000e-05  1.73434869e+00 
 2.63905000e-05  1.73434869e+00 
 2.64005000e-05  1.73434869e+00 
 2.64105000e-05  1.73434869e+00 
 2.64205000e-05  1.73434869e+00 
 2.64305000e-05  1.73434869e+00 
 2.64405000e-05  1.73434869e+00 
 2.64505000e-05  1.73434869e+00 
 2.64605000e-05  1.73434869e+00 
 2.64705000e-05  1.73434869e+00 
 2.64805000e-05  1.73434869e+00 
 2.64905000e-05  1.73434869e+00 
 2.65005000e-05  1.73434869e+00 
 2.65105000e-05  1.73434869e+00 
 2.65205000e-05  1.73434869e+00 
 2.65305000e-05  1.73434869e+00 
 2.65405000e-05  1.73434869e+00 
 2.65505000e-05  1.73434869e+00 
 2.65605000e-05  1.73434869e+00 
 2.65705000e-05  1.73434869e+00 
 2.65805000e-05  1.73434869e+00 
 2.65905000e-05  1.73434869e+00 
 2.66005000e-05  1.73434869e+00 
 2.66105000e-05  1.73434869e+00 
 2.66205000e-05  1.73434869e+00 
 2.66305000e-05  1.73434869e+00 
 2.66405000e-05  1.73434869e+00 
 2.66505000e-05  1.73434869e+00 
 2.66605000e-05  1.73434869e+00 
 2.66705000e-05  1.73434869e+00 
 2.66805000e-05  1.73434869e+00 
 2.66905000e-05  1.73434869e+00 
 2.67005000e-05  1.73434869e+00 
 2.67105000e-05  1.73434869e+00 
 2.67205000e-05  1.73434869e+00 
 2.67305000e-05  1.73434869e+00 
 2.67405000e-05  1.73434869e+00 
 2.67505000e-05  1.73434869e+00 
 2.67605000e-05  1.73434869e+00 
 2.67705000e-05  1.73434869e+00 
 2.67805000e-05  1.73434869e+00 
 2.67905000e-05  1.73434869e+00 
 2.68005000e-05  1.73434869e+00 
 2.68105000e-05  1.73434869e+00 
 2.68205000e-05  1.73434869e+00 
 2.68305000e-05  1.73434869e+00 
 2.68405000e-05  1.73434869e+00 
 2.68505000e-05  1.73434869e+00 
 2.68605000e-05  1.73434869e+00 
 2.68705000e-05  1.73434869e+00 
 2.68805000e-05  1.73434869e+00 
 2.68905000e-05  1.73434869e+00 
 2.69005000e-05  1.73434869e+00 
 2.69105000e-05  1.73434869e+00 
 2.69205000e-05  1.73434869e+00 
 2.69305000e-05  1.73434869e+00 
 2.69405000e-05  1.73434869e+00 
 2.69505000e-05  1.73434869e+00 
 2.69605000e-05  1.73434869e+00 
 2.69705000e-05  1.73434869e+00 
 2.69805000e-05  1.73434869e+00 
 2.69905000e-05  1.73434869e+00 
 2.70005000e-05  1.73434869e+00 
 2.70105000e-05  1.73434869e+00 
 2.70205000e-05  1.73434869e+00 
 2.70305000e-05  1.73434869e+00 
 2.70405000e-05  1.73434869e+00 
 2.70505000e-05  1.73434869e+00 
 2.70605000e-05  1.73434869e+00 
 2.70705000e-05  1.73434869e+00 
 2.70805000e-05  1.73434869e+00 
 2.70905000e-05  1.73434869e+00 
 2.71005000e-05  1.73434869e+00 
 2.71105000e-05  1.73434869e+00 
 2.71205000e-05  1.73434869e+00 
 2.71305000e-05  1.73434869e+00 
 2.71405000e-05  1.73434869e+00 
 2.71505000e-05  1.73434869e+00 
 2.71605000e-05  1.73434869e+00 
 2.71705000e-05  1.73434869e+00 
 2.71805000e-05  1.73434869e+00 
 2.71905000e-05  1.73434869e+00 
 2.72005000e-05  1.73434869e+00 
 2.72105000e-05  1.73434869e+00 
 2.72205000e-05  1.73434869e+00 
 2.72305000e-05  1.73434869e+00 
 2.72405000e-05  1.73434869e+00 
 2.72505000e-05  1.73434869e+00 
 2.72605000e-05  1.73434869e+00 
 2.72705000e-05  1.73434869e+00 
 2.72805000e-05  1.73434869e+00 
 2.72905000e-05  1.73434869e+00 
 2.73005000e-05  1.73434869e+00 
 2.73105000e-05  1.73434869e+00 
 2.73205000e-05  1.73434869e+00 
 2.73305000e-05  1.73434869e+00 
 2.73405000e-05  1.73434869e+00 
 2.73505000e-05  1.73434869e+00 
 2.73605000e-05  1.73434869e+00 
 2.73705000e-05  1.73434869e+00 
 2.73805000e-05  1.73434869e+00 
 2.73905000e-05  1.73434869e+00 
 2.74005000e-05  1.73434869e+00 
 2.74105000e-05  1.73434869e+00 
 2.74205000e-05  1.73434869e+00 
 2.74305000e-05  1.73434869e+00 
 2.74405000e-05  1.73434869e+00 
 2.74505000e-05  1.73434869e+00 
 2.74605000e-05  1.73434869e+00 
 2.74705000e-05  1.73434869e+00 
 2.74805000e-05  1.73434869e+00 
 2.74905000e-05  1.73434869e+00 
 2.75005000e-05  1.73434869e+00 
 2.75105000e-05  1.73434869e+00 
 2.75205000e-05  1.73434869e+00 
 2.75305000e-05  1.73434869e+00 
 2.75405000e-05  1.73434869e+00 
 2.75505000e-05  1.73434869e+00 
 2.75605000e-05  1.73434869e+00 
 2.75705000e-05  1.73434869e+00 
 2.75805000e-05  1.73434869e+00 
 2.75905000e-05  1.73434869e+00 
 2.76005000e-05  1.73434869e+00 
 2.76105000e-05  1.73434869e+00 
 2.76205000e-05  1.73434869e+00 
 2.76305000e-05  1.73434869e+00 
 2.76405000e-05  1.73434869e+00 
 2.76505000e-05  1.73434869e+00 
 2.76605000e-05  1.73434869e+00 
 2.76705000e-05  1.73434869e+00 
 2.76805000e-05  1.73434869e+00 
 2.76905000e-05  1.73434869e+00 
 2.77005000e-05  1.73434869e+00 
 2.77105000e-05  1.73434869e+00 
 2.77205000e-05  1.73434869e+00 
 2.77305000e-05  1.73434869e+00 
 2.77405000e-05  1.73434869e+00 
 2.77505000e-05  1.73434869e+00 
 2.77605000e-05  1.73434869e+00 
 2.77705000e-05  1.73434869e+00 
 2.77805000e-05  1.73434869e+00 
 2.77905000e-05  1.73434869e+00 
 2.78005000e-05  1.73434869e+00 
 2.78105000e-05  1.73434869e+00 
 2.78205000e-05  1.73434869e+00 
 2.78305000e-05  1.73434869e+00 
 2.78405000e-05  1.73434869e+00 
 2.78505000e-05  1.73434869e+00 
 2.78605000e-05  1.73434869e+00 
 2.78705000e-05  1.73434869e+00 
 2.78805000e-05  1.73434869e+00 
 2.78905000e-05  1.73434869e+00 
 2.79005000e-05  1.73434869e+00 
 2.79105000e-05  1.73434869e+00 
 2.79205000e-05  1.73434869e+00 
 2.79305000e-05  1.73434869e+00 
 2.79405000e-05  1.73434869e+00 
 2.79505000e-05  1.73434869e+00 
 2.79605000e-05  1.73434869e+00 
 2.79705000e-05  1.73434869e+00 
 2.79805000e-05  1.73434869e+00 
 2.79905000e-05  1.73434869e+00 
 2.80005000e-05  1.73434869e+00 
 2.80105000e-05  1.73434869e+00 
 2.80205000e-05  1.73434869e+00 
 2.80305000e-05  1.73434869e+00 
 2.80405000e-05  1.73434869e+00 
 2.80505000e-05  1.73434869e+00 
 2.80605000e-05  1.73434869e+00 
 2.80705000e-05  1.73434869e+00 
 2.80805000e-05  1.73434869e+00 
 2.80905000e-05  1.73434869e+00 
 2.81005000e-05  1.73434869e+00 
 2.81105000e-05  1.73434869e+00 
 2.81205000e-05  1.73434869e+00 
 2.81305000e-05  1.73434869e+00 
 2.81405000e-05  1.73434869e+00 
 2.81505000e-05  1.73434869e+00 
 2.81605000e-05  1.73434869e+00 
 2.81705000e-05  1.73434869e+00 
 2.81805000e-05  1.73434869e+00 
 2.81905000e-05  1.73434869e+00 
 2.82005000e-05  1.73434869e+00 
 2.82105000e-05  1.73434869e+00 
 2.82205000e-05  1.73434869e+00 
 2.82305000e-05  1.73434869e+00 
 2.82405000e-05  1.73434869e+00 
 2.82505000e-05  1.73434869e+00 
 2.82605000e-05  1.73434869e+00 
 2.82705000e-05  1.73434869e+00 
 2.82805000e-05  1.73434869e+00 
 2.82905000e-05  1.73434869e+00 
 2.83005000e-05  1.73434869e+00 
 2.83105000e-05  1.73434869e+00 
 2.83205000e-05  1.73434869e+00 
 2.83305000e-05  1.73434869e+00 
 2.83405000e-05  1.73434869e+00 
 2.83505000e-05  1.73434869e+00 
 2.83605000e-05  1.73434869e+00 
 2.83705000e-05  1.73434869e+00 
 2.83805000e-05  1.73434869e+00 
 2.83905000e-05  1.73434869e+00 
 2.84005000e-05  1.73434869e+00 
 2.84105000e-05  1.73434869e+00 
 2.84205000e-05  1.73434869e+00 
 2.84305000e-05  1.73434869e+00 
 2.84405000e-05  1.73434869e+00 
 2.84505000e-05  1.73434869e+00 
 2.84605000e-05  1.73434869e+00 
 2.84705000e-05  1.73434869e+00 
 2.84805000e-05  1.73434869e+00 
 2.84905000e-05  1.73434869e+00 
 2.85005000e-05  1.73434869e+00 
 2.85105000e-05  1.73434869e+00 
 2.85205000e-05  1.73434869e+00 
 2.85305000e-05  1.73434869e+00 
 2.85405000e-05  1.73434869e+00 
 2.85505000e-05  1.73434869e+00 
 2.85605000e-05  1.73434869e+00 
 2.85705000e-05  1.73434869e+00 
 2.85805000e-05  1.73434869e+00 
 2.85905000e-05  1.73434869e+00 
 2.86005000e-05  1.73434869e+00 
 2.86105000e-05  1.73434869e+00 
 2.86205000e-05  1.73434869e+00 
 2.86305000e-05  1.73434869e+00 
 2.86405000e-05  1.73434869e+00 
 2.86505000e-05  1.73434869e+00 
 2.86605000e-05  1.73434869e+00 
 2.86705000e-05  1.73434869e+00 
 2.86805000e-05  1.73434869e+00 
 2.86905000e-05  1.73434869e+00 
 2.87005000e-05  1.73434869e+00 
 2.87105000e-05  1.73434869e+00 
 2.87205000e-05  1.73434869e+00 
 2.87305000e-05  1.73434869e+00 
 2.87405000e-05  1.73434869e+00 
 2.87505000e-05  1.73434869e+00 
 2.87605000e-05  1.73434869e+00 
 2.87705000e-05  1.73434869e+00 
 2.87805000e-05  1.73434869e+00 
 2.87905000e-05  1.73434869e+00 
 2.88005000e-05  1.73434869e+00 
 2.88105000e-05  1.73434869e+00 
 2.88205000e-05  1.73434869e+00 
 2.88305000e-05  1.73434869e+00 
 2.88405000e-05  1.73434869e+00 
 2.88505000e-05  1.73434869e+00 
 2.88605000e-05  1.73434869e+00 
 2.88705000e-05  1.73434869e+00 
 2.88805000e-05  1.73434869e+00 
 2.88905000e-05  1.73434869e+00 
 2.89005000e-05  1.73434869e+00 
 2.89105000e-05  1.73434869e+00 
 2.89205000e-05  1.73434869e+00 
 2.89305000e-05  1.73434869e+00 
 2.89405000e-05  1.73434869e+00 
 2.89505000e-05  1.73434869e+00 
 2.89605000e-05  1.73434869e+00 
 2.89705000e-05  1.73434869e+00 
 2.89805000e-05  1.73434869e+00 
 2.89905000e-05  1.73434869e+00 
 2.90005000e-05  1.73434869e+00 
 2.90105000e-05  1.73434869e+00 
 2.90205000e-05  1.73434869e+00 
 2.90305000e-05  1.73434869e+00 
 2.90405000e-05  1.73434869e+00 
 2.90505000e-05  1.73434869e+00 
 2.90605000e-05  1.73434869e+00 
 2.90705000e-05  1.73434869e+00 
 2.90805000e-05  1.73434869e+00 
 2.90905000e-05  1.73434869e+00 
 2.91005000e-05  1.73434869e+00 
 2.91105000e-05  1.73434869e+00 
 2.91205000e-05  1.73434869e+00 
 2.91305000e-05  1.73434869e+00 
 2.91405000e-05  1.73434869e+00 
 2.91505000e-05  1.73434869e+00 
 2.91605000e-05  1.73434869e+00 
 2.91705000e-05  1.73434869e+00 
 2.91805000e-05  1.73434869e+00 
 2.91905000e-05  1.73434869e+00 
 2.92005000e-05  1.73434869e+00 
 2.92105000e-05  1.73434869e+00 
 2.92205000e-05  1.73434869e+00 
 2.92305000e-05  1.73434869e+00 
 2.92405000e-05  1.73434869e+00 
 2.92505000e-05  1.73434869e+00 
 2.92605000e-05  1.73434869e+00 
 2.92705000e-05  1.73434869e+00 
 2.92805000e-05  1.73434869e+00 
 2.92905000e-05  1.73434869e+00 
 2.93005000e-05  1.73434869e+00 
 2.93105000e-05  1.73434869e+00 
 2.93205000e-05  1.73434869e+00 
 2.93305000e-05  1.73434869e+00 
 2.93405000e-05  1.73434869e+00 
 2.93505000e-05  1.73434869e+00 
 2.93605000e-05  1.73434869e+00 
 2.93705000e-05  1.73434869e+00 
 2.93805000e-05  1.73434869e+00 
 2.93905000e-05  1.73434869e+00 
 2.94005000e-05  1.73434869e+00 
 2.94105000e-05  1.73434869e+00 
 2.94205000e-05  1.73434869e+00 
 2.94305000e-05  1.73434869e+00 
 2.94405000e-05  1.73434869e+00 
 2.94505000e-05  1.73434869e+00 
 2.94605000e-05  1.73434869e+00 
 2.94705000e-05  1.73434869e+00 
 2.94805000e-05  1.73434869e+00 
 2.94905000e-05  1.73434869e+00 
 2.95005000e-05  1.73434869e+00 
 2.95105000e-05  1.73434869e+00 
 2.95205000e-05  1.73434869e+00 
 2.95305000e-05  1.73434869e+00 
 2.95405000e-05  1.73434869e+00 
 2.95505000e-05  1.73434869e+00 
 2.95605000e-05  1.73434869e+00 
 2.95705000e-05  1.73434869e+00 
 2.95805000e-05  1.73434869e+00 
 2.95905000e-05  1.73434869e+00 
 2.96005000e-05  1.73434869e+00 
 2.96105000e-05  1.73434869e+00 
 2.96205000e-05  1.73434869e+00 
 2.96305000e-05  1.73434869e+00 
 2.96405000e-05  1.73434869e+00 
 2.96505000e-05  1.73434869e+00 
 2.96605000e-05  1.73434869e+00 
 2.96705000e-05  1.73434869e+00 
 2.96805000e-05  1.73434869e+00 
 2.96905000e-05  1.73434869e+00 
 2.97005000e-05  1.73434869e+00 
 2.97105000e-05  1.73434869e+00 
 2.97205000e-05  1.73434869e+00 
 2.97305000e-05  1.73434869e+00 
 2.97405000e-05  1.73434869e+00 
 2.97505000e-05  1.73434869e+00 
 2.97605000e-05  1.73434869e+00 
 2.97705000e-05  1.73434869e+00 
 2.97805000e-05  1.73434869e+00 
 2.97905000e-05  1.73434869e+00 
 2.98005000e-05  1.73434869e+00 
 2.98105000e-05  1.73434869e+00 
 2.98205000e-05  1.73434869e+00 
 2.98305000e-05  1.73434869e+00 
 2.98405000e-05  1.73434869e+00 
 2.98505000e-05  1.73434869e+00 
 2.98605000e-05  1.73434869e+00 
 2.98705000e-05  1.73434869e+00 
 2.98805000e-05  1.73434869e+00 
 2.98905000e-05  1.73434869e+00 
 2.99005000e-05  1.73434869e+00 
 2.99105000e-05  1.73434869e+00 
 2.99205000e-05  1.73434869e+00 
 2.99305000e-05  1.73434869e+00 
 2.99405000e-05  1.73434869e+00 
 2.99505000e-05  1.73434869e+00 
 2.99605000e-05  1.73434869e+00 
 2.99705000e-05  1.73434869e+00 
 2.99805000e-05  1.73434869e+00 
 2.99905000e-05  1.73434869e+00 
 3.00000000e-05  1.73434869e+00 
