 0.00000000e+00  1.69943945e+00  0.00000000e+00  1.29195468e-01  0.00000000e+00  8.02987468e-01  0.00000000e+00  1.48618338e-12  0.00000000e+00  1.29195468e-01  0.00000000e+00  8.02987468e-01  0.00000000e+00  1.48618338e-12  0.00000000e+00  1.65066449e+00  0.00000000e+00  4.75900853e-01  0.00000000e+00  1.40466605e-04  0.00000000e+00  1.65066470e+00  0.00000000e+00  4.75900780e-01  0.00000000e+00  1.39651165e-04  0.00000000e+00  1.65066501e+00  0.00000000e+00  4.75900670e-01  0.00000000e+00  1.38414865e-04  0.00000000e+00  9.03158063e-01  0.00000000e+00  9.07682663e-01  0.00000000e+00  6.49148297e-06  0.00000000e+00  9.03222755e-01  0.00000000e+00  9.09744680e-01  0.00000000e+00  4.24210585e-06 
 1.00000000e-06  1.69988865e+00  1.00000000e-06  6.14954413e-01  1.00000000e-06  6.87832103e-01  1.00000000e-06  1.00097945e-06  1.00000000e-06  1.29195438e-01  1.00000000e-06  8.02987055e-01  1.00000000e-06  1.48619835e-12  1.00000000e-06  1.65066457e+00  1.00000000e-06  4.75900851e-01  1.00000000e-06  1.40441362e-04  1.00000000e-06  1.65066477e+00  1.00000000e-06  4.75900780e-01  1.00000000e-06  1.39650829e-04  1.00000000e-06  1.65066508e+00  1.00000000e-06  4.75900670e-01  1.00000000e-06  1.38414550e-04  1.00000000e-06  9.03353596e-01  1.00000000e-06  9.07754940e-01  1.00000000e-06  6.50341391e-06  1.00000000e-06  9.03038884e-01  1.00000000e-06  9.09815928e-01  1.00000000e-06  4.23040229e-06 
 2.00000000e-06  1.70033890e+00  2.00000000e-06  6.46854090e-01  2.00000000e-06  6.79601400e-01  2.00000000e-06  2.00023092e-06  2.00000000e-06  1.29187739e-01  2.00000000e-06  8.02988332e-01  2.00000000e-06  1.48587517e-12  2.00000000e-06  1.65066465e+00  2.00000000e-06  4.75900849e-01  2.00000000e-06  1.40416137e-04  2.00000000e-06  1.65066484e+00  2.00000000e-06  4.75900780e-01  2.00000000e-06  1.39650495e-04  2.00000000e-06  1.65066515e+00  2.00000000e-06  4.75900670e-01  2.00000000e-06  1.38414237e-04  2.00000000e-06  9.03549347e-01  2.00000000e-06  9.07827325e-01  2.00000000e-06  6.51537315e-06  2.00000000e-06  9.02854221e-01  2.00000000e-06  9.09887281e-01  2.00000000e-06  4.21867064e-06 
 3.00000000e-06  1.70079021e+00  3.00000000e-06  6.66933698e-01  3.00000000e-06  6.74371656e-01  3.00000000e-06  3.00048285e-06  3.00000000e-06  1.29188801e-01  3.00000000e-06  8.02987681e-01  3.00000000e-06  1.48593816e-12  3.00000000e-06  1.65066472e+00  3.00000000e-06  4.75900846e-01  3.00000000e-06  1.40390928e-04  3.00000000e-06  1.65066491e+00  3.00000000e-06  4.75900780e-01  3.00000000e-06  1.39650161e-04  3.00000000e-06  1.65066522e+00  3.00000000e-06  4.75900669e-01  3.00000000e-06  1.38413924e-04  3.00000000e-06  9.03745315e-01  3.00000000e-06  9.07899816e-01  3.00000000e-06  6.52736066e-06  3.00000000e-06  9.02668763e-01  3.00000000e-06  9.09958738e-01  3.00000000e-06  4.20691107e-06 
 4.00000000e-06  1.70124257e+00  4.00000000e-06  6.82212660e-01  4.00000000e-06  6.70366489e-01  4.00000000e-06  4.01293411e-06  4.00000000e-06  1.29187760e-01  4.00000000e-06  8.02987495e-01  4.00000000e-06  1.48590839e-12  4.00000000e-06  1.65066480e+00  4.00000000e-06  4.75900844e-01  4.00000000e-06  1.40365737e-04  4.00000000e-06  1.65066498e+00  4.00000000e-06  4.75900780e-01  4.00000000e-06  1.39649829e-04  4.00000000e-06  1.65066529e+00  4.00000000e-06  4.75900669e-01  4.00000000e-06  1.38413613e-04  4.00000000e-06  9.03941497e-01  4.00000000e-06  9.07972414e-01  4.00000000e-06  6.53937640e-06  4.00000000e-06  9.02482510e-01  4.00000000e-06  9.10030299e-01  4.00000000e-06  4.19512360e-06 
 5.00000000e-06  1.70169599e+00  5.00000000e-06  6.94446126e-01  5.00000000e-06  6.67143470e-01  5.00000000e-06  5.00563751e-06  5.00000000e-06  1.29187626e-01  5.00000000e-06  8.02987111e-01  5.00000000e-06  1.48591852e-12  5.00000000e-06  1.65066488e+00  5.00000000e-06  4.75900842e-01  5.00000000e-06  1.40340564e-04  5.00000000e-06  1.65066505e+00  5.00000000e-06  4.75900780e-01  5.00000000e-06  1.39649498e-04  5.00000000e-06  1.65066536e+00  5.00000000e-06  4.75900669e-01  5.00000000e-06  1.38413303e-04  5.00000000e-06  9.04137892e-01  5.00000000e-06  9.08045118e-01  5.00000000e-06  6.55142033e-06  5.00000000e-06  9.02295458e-01  5.00000000e-06  9.10101964e-01  5.00000000e-06  4.18330829e-06 
 6.00000000e-06  1.70215045e+00  6.00000000e-06  7.04964679e-01  6.00000000e-06  6.64360585e-01  6.00000000e-06  6.00189140e-06  6.00000000e-06  1.29183873e-01  6.00000000e-06  8.02987525e-01  6.00000000e-06  1.48576911e-12  6.00000000e-06  1.65066495e+00  6.00000000e-06  4.75900840e-01  6.00000000e-06  1.40315408e-04  6.00000000e-06  1.65066512e+00  6.00000000e-06  4.75900780e-01  6.00000000e-06  1.39649169e-04  6.00000000e-06  1.65066543e+00  6.00000000e-06  4.75900669e-01  6.00000000e-06  1.38412994e-04  6.00000000e-06  9.04334498e-01  6.00000000e-06  9.08117926e-01  6.00000000e-06  6.56349240e-06  6.00000000e-06  9.02107606e-01  6.00000000e-06  9.10173731e-01  6.00000000e-06  4.17146518e-06 
 7.00000000e-06  1.70260597e+00  7.00000000e-06  7.14270992e-01  7.00000000e-06  6.61889333e-01  7.00000000e-06  7.00098683e-06  7.00000000e-06  1.29186344e-01  7.00000000e-06  8.02986570e-01  7.00000000e-06  1.48589394e-12  7.00000000e-06  1.65066503e+00  7.00000000e-06  4.75900837e-01  7.00000000e-06  1.40290271e-04  7.00000000e-06  1.65066519e+00  7.00000000e-06  4.75900780e-01  7.00000000e-06  1.39648840e-04  7.00000000e-06  1.65066550e+00  7.00000000e-06  4.75900669e-01  7.00000000e-06  1.38412686e-04  7.00000000e-06  9.04531314e-01  7.00000000e-06  9.08190839e-01  7.00000000e-06  6.57559256e-06  7.00000000e-06  9.01918951e-01  7.00000000e-06  9.10245601e-01  7.00000000e-06  4.15959431e-06 
 8.00000000e-06  1.70306253e+00  8.00000000e-06  7.22656807e-01  8.00000000e-06  6.59655145e-01  8.00000000e-06  8.00058738e-06  8.00000000e-06  1.29183585e-01  8.00000000e-06  8.02986768e-01  8.00000000e-06  1.48578822e-12  8.00000000e-06  1.65066511e+00  8.00000000e-06  4.75900835e-01  8.00000000e-06  1.40265152e-04  8.00000000e-06  1.65066526e+00  8.00000000e-06  4.75900780e-01  8.00000000e-06  1.39648513e-04  8.00000000e-06  1.65066557e+00  8.00000000e-06  4.75900669e-01  8.00000000e-06  1.38412380e-04  8.00000000e-06  9.04728338e-01  8.00000000e-06  9.08263856e-01  8.00000000e-06  6.58772079e-06  8.00000000e-06  9.01729491e-01  8.00000000e-06  9.10317571e-01  8.00000000e-06  4.14769571e-06 
 9.00000000e-06  1.70352013e+00  9.00000000e-06  7.30327024e-01  9.00000000e-06  6.57605443e-01  9.00000000e-06  9.00036321e-06  9.00000000e-06  1.29183774e-01  9.00000000e-06  8.02986318e-01  9.00000000e-06  1.48581242e-12  9.00000000e-06  1.65066519e+00  9.00000000e-06  4.75900833e-01  9.00000000e-06  1.40240052e-04  9.00000000e-06  1.65066533e+00  9.00000000e-06  4.75900780e-01  9.00000000e-06  1.39648187e-04  9.00000000e-06  1.65066565e+00  9.00000000e-06  4.75900669e-01  9.00000000e-06  1.38412074e-04  9.00000000e-06  9.04925568e-01  9.00000000e-06  9.08336977e-01  9.00000000e-06  6.59987704e-06  9.00000000e-06  9.01539225e-01  9.00000000e-06  9.10389643e-01  9.00000000e-06  4.13576942e-06 
 1.00000000e-05  1.70397878e+00  1.00000000e-05  7.37424540e-01  1.00000000e-05  6.55703494e-01  1.00000000e-05  1.00002364e-05  1.00000000e-05  1.29181898e-01  1.00000000e-05  8.02986324e-01  1.00000000e-05  1.48574553e-12  1.00000000e-05  1.65066526e+00  1.00000000e-05  4.75900831e-01  1.00000000e-05  1.40214970e-04  1.00000000e-05  1.65066541e+00  1.00000000e-05  4.75900780e-01  1.00000000e-05  1.39647862e-04  1.00000000e-05  1.65066572e+00  1.00000000e-05  4.75900669e-01  1.00000000e-05  1.38411770e-04  1.00000000e-05  9.05123003e-01  1.00000000e-05  9.08410199e-01  1.00000000e-05  6.61206127e-06  1.00000000e-05  9.01348149e-01  1.00000000e-05  9.10461815e-01  1.00000000e-05  4.12381548e-06 
 1.10000000e-05  1.70443847e+00  1.10000000e-05  7.44052368e-01  1.10000000e-05  6.53922783e-01  1.10000000e-05  1.10001607e-05  1.10000000e-05  1.29185377e-01  1.10000000e-05  8.02985153e-01  1.10000000e-05  1.48591456e-12  1.10000000e-05  1.65066534e+00  1.10000000e-05  4.75900828e-01  1.10000000e-05  1.40189908e-04  1.10000000e-05  1.65066548e+00  1.10000000e-05  4.75900780e-01  1.10000000e-05  1.39647538e-04  1.10000000e-05  1.65066579e+00  1.10000000e-05  4.75900669e-01  1.10000000e-05  1.38411466e-04  1.10000000e-05  9.05320642e-01  1.10000000e-05  9.08483525e-01  1.10000000e-05  6.62427346e-06  1.10000000e-05  9.01156261e-01  1.10000000e-05  9.10534087e-01  1.10000000e-05  4.11183393e-06 
 1.20000000e-05  1.70489921e+00  1.20000000e-05  7.50287351e-01  1.20000000e-05  6.52243513e-01  1.20000000e-05  1.20001132e-05  1.20000000e-05  1.29189404e-01  1.20000000e-05  8.02983862e-01  1.20000000e-05  1.48610776e-12  1.20000000e-05  1.65066542e+00  1.20000000e-05  4.75900826e-01  1.20000000e-05  1.40164865e-04  1.20000000e-05  1.65066555e+00  1.20000000e-05  4.75900780e-01  1.20000000e-05  1.39647216e-04  1.20000000e-05  1.65066586e+00  1.20000000e-05  4.75900669e-01  1.20000000e-05  1.38411164e-04  1.20000000e-05  9.05518482e-01  1.20000000e-05  9.08556951e-01  1.20000000e-05  6.63651355e-06  1.20000000e-05  9.00963560e-01  1.20000000e-05  9.10606459e-01  1.20000000e-05  4.09982479e-06 
 1.30000000e-05  1.70536098e+00  1.30000000e-05  7.56188385e-01  1.30000000e-05  6.50650494e-01  1.30000000e-05  1.30000820e-05  1.30000000e-05  1.29185839e-01  1.30000000e-05  8.02984244e-01  1.30000000e-05  1.48596628e-12  1.30000000e-05  1.65066550e+00  1.30000000e-05  4.75900824e-01  1.30000000e-05  1.40139842e-04  1.30000000e-05  1.65066562e+00  1.30000000e-05  4.75900780e-01  1.30000000e-05  1.39646894e-04  1.30000000e-05  1.65066593e+00  1.30000000e-05  4.75900669e-01  1.30000000e-05  1.38410863e-04  1.30000000e-05  9.05716523e-01  1.30000000e-05  9.08630479e-01  1.30000000e-05  6.64878152e-06  1.30000000e-05  9.00770042e-01  1.30000000e-05  9.10678929e-01  1.30000000e-05  4.08778810e-06 
 1.40000000e-05  1.70582379e+00  1.40000000e-05  7.61801648e-01  1.40000000e-05  6.49131807e-01  1.40000000e-05  1.40000609e-05  1.40000000e-05  1.29188078e-01  1.40000000e-05  8.02983349e-01  1.40000000e-05  1.48608055e-12  1.40000000e-05  1.65066558e+00  1.40000000e-05  4.75900822e-01  1.40000000e-05  1.40114838e-04  1.40000000e-05  1.65066569e+00  1.40000000e-05  4.75900780e-01  1.40000000e-05  1.39646574e-04  1.40000000e-05  1.65066601e+00  1.40000000e-05  4.75900669e-01  1.40000000e-05  1.38410563e-04  1.40000000e-05  9.05914762e-01  1.40000000e-05  9.08704108e-01  1.40000000e-05  6.66107733e-06  1.40000000e-05  9.00575705e-01  1.40000000e-05  9.10751497e-01  1.40000000e-05  4.07572389e-06 
 1.50000000e-05  1.70628764e+00  1.50000000e-05  7.67164046e-01  1.50000000e-05  6.47677919e-01  1.50000000e-05  1.50000461e-05  1.50000000e-05  1.29184294e-01  1.50000000e-05  8.02983782e-01  1.50000000e-05  1.48592929e-12  1.50000000e-05  1.65066565e+00  1.50000000e-05  4.75900820e-01  1.50000000e-05  1.40089854e-04  1.50000000e-05  1.65066577e+00  1.50000000e-05  4.75900780e-01  1.50000000e-05  1.39646255e-04  1.50000000e-05  1.65066608e+00  1.50000000e-05  4.75900669e-01  1.50000000e-05  1.38410264e-04  1.50000000e-05  9.06113199e-01  1.50000000e-05  9.08777836e-01  1.50000000e-05  6.67340094e-06  1.50000000e-05  9.00380547e-01  1.50000000e-05  9.10824163e-01  1.50000000e-05  4.06363221e-06 
 1.60000000e-05  1.70675252e+00  1.60000000e-05  7.72305566e-01  1.60000000e-05  6.46281081e-01  1.60000000e-05  1.60000356e-05  1.60000000e-05  1.29187654e-01  1.60000000e-05  8.02982643e-01  1.60000000e-05  1.48609287e-12  1.60000000e-05  1.65066573e+00  1.60000000e-05  4.75900817e-01  1.60000000e-05  1.40064891e-04  1.60000000e-05  1.65066584e+00  1.60000000e-05  4.75900780e-01  1.60000000e-05  1.39645937e-04  1.60000000e-05  1.65066615e+00  1.60000000e-05  4.75900669e-01  1.60000000e-05  1.38409966e-04  1.60000000e-05  9.06311831e-01  1.60000000e-05  9.08851664e-01  1.60000000e-05  6.68575232e-06  1.60000000e-05  9.00184566e-01  1.60000000e-05  9.10896926e-01  1.60000000e-05  4.05151308e-06 
 1.70000000e-05  1.70721844e+00  1.70000000e-05  7.77250924e-01  1.70000000e-05  6.44934899e-01  1.70000000e-05  1.70000278e-05  1.70000000e-05  1.29193660e-01  1.70000000e-05  8.02980924e-01  1.70000000e-05  1.48637307e-12  1.70000000e-05  1.65066581e+00  1.70000000e-05  4.75900815e-01  1.70000000e-05  1.40039948e-04  1.70000000e-05  1.65066591e+00  1.70000000e-05  4.75900780e-01  1.70000000e-05  1.39645620e-04  1.70000000e-05  1.65066622e+00  1.70000000e-05  4.75900669e-01  1.70000000e-05  1.38409669e-04  1.70000000e-05  9.06510658e-01  1.70000000e-05  9.08925592e-01  1.70000000e-05  6.69813145e-06  1.70000000e-05  8.99987758e-01  1.70000000e-05  9.10969786e-01  1.70000000e-05  4.03936652e-06 
 1.80000000e-05  1.70768539e+00  1.80000000e-05  7.82020746e-01  1.80000000e-05  6.43634038e-01  1.80000000e-05  1.80000221e-05  1.80000000e-05  1.29192529e-01  1.80000000e-05  8.02980776e-01  1.80000000e-05  1.48633861e-12  1.80000000e-05  1.65066589e+00  1.80000000e-05  4.75900813e-01  1.80000000e-05  1.40015025e-04  1.80000000e-05  1.65066598e+00  1.80000000e-05  4.75900780e-01  1.80000000e-05  1.39645304e-04  1.80000000e-05  1.65066630e+00  1.80000000e-05  4.75900669e-01  1.80000000e-05  1.38409373e-04  1.80000000e-05  9.06709678e-01  1.80000000e-05  9.08999618e-01  1.80000000e-05  6.71053827e-06  1.80000000e-05  8.99790122e-01  1.80000000e-05  9.11042743e-01  1.80000000e-05  4.02719259e-06 
 1.90000000e-05  1.70815338e+00  1.90000000e-05  7.86632435e-01  1.90000000e-05  6.42373993e-01  1.90000000e-05  1.90000177e-05  1.90000000e-05  1.29191048e-01  1.90000000e-05  8.02980706e-01  1.90000000e-05  1.48628870e-12  1.90000000e-05  1.65066597e+00  1.90000000e-05  4.75900811e-01  1.90000000e-05  1.39990124e-04  1.90000000e-05  1.65066606e+00  1.90000000e-05  4.75900780e-01  1.90000000e-05  1.39644989e-04  1.90000000e-05  1.65066637e+00  1.90000000e-05  4.75900669e-01  1.90000000e-05  1.38409078e-04  1.90000000e-05  9.06908890e-01  1.90000000e-05  9.09073742e-01  1.90000000e-05  6.72297276e-06  1.90000000e-05  8.99591654e-01  1.90000000e-05  9.11115795e-01  1.90000000e-05  4.01499130e-06 
 2.00000000e-05  1.70862239e+00  2.00000000e-05  7.91100817e-01  2.00000000e-05  6.41150922e-01  2.00000000e-05  2.00000144e-05  2.00000000e-05  1.29193679e-01  2.00000000e-05  8.02979732e-01  2.00000000e-05  1.48641998e-12  2.00000000e-05  1.65066605e+00  2.00000000e-05  4.75900808e-01  2.00000000e-05  1.39965243e-04  2.00000000e-05  1.65066613e+00  2.00000000e-05  4.75900780e-01  2.00000000e-05  1.39644676e-04  2.00000000e-05  1.65066644e+00  2.00000000e-05  4.75900669e-01  2.00000000e-05  1.38408784e-04  2.00000000e-05  9.07108293e-01  2.00000000e-05  9.09147963e-01  2.00000000e-05  6.73543489e-06  2.00000000e-05  8.99392353e-01  2.00000000e-05  9.11188942e-01  2.00000000e-05  4.00276269e-06 
 2.10000000e-05  1.70909243e+00  2.10000000e-05  7.95438635e-01  2.10000000e-05  6.39961526e-01  2.10000000e-05  2.10000118e-05  2.10000000e-05  1.29187436e-01  2.10000000e-05  8.02980713e-01  2.10000000e-05  1.48616000e-12  2.10000000e-05  1.65066613e+00  2.10000000e-05  4.75900806e-01  2.10000000e-05  1.39940383e-04  2.10000000e-05  1.65066620e+00  2.10000000e-05  4.75900780e-01  2.10000000e-05  1.39644363e-04  2.10000000e-05  1.65066651e+00  2.10000000e-05  4.75900669e-01  2.10000000e-05  1.38408491e-04  2.10000000e-05  9.07307884e-01  2.10000000e-05  9.09222282e-01  2.10000000e-05  6.74792462e-06  2.10000000e-05  8.99192215e-01  2.10000000e-05  9.11262185e-01  2.10000000e-05  3.99050680e-06 
 2.20000000e-05  1.70956350e+00  2.20000000e-05  7.99656929e-01  2.20000000e-05  6.38802942e-01  2.20000000e-05  2.20000097e-05  2.20000000e-05  1.29184032e-01  2.20000000e-05  8.02981070e-01  2.20000000e-05  1.48602517e-12  2.20000000e-05  1.65066621e+00  2.20000000e-05  4.75900804e-01  2.20000000e-05  1.39915545e-04  2.20000000e-05  1.65066628e+00  2.20000000e-05  4.75900780e-01  2.20000000e-05  1.39644051e-04  2.20000000e-05  1.65066659e+00  2.20000000e-05  4.75900669e-01  2.20000000e-05  1.38408199e-04  2.20000000e-05  9.07507663e-01  2.20000000e-05  9.09296698e-01  2.20000000e-05  6.76044193e-06  2.20000000e-05  8.98991238e-01  2.20000000e-05  9.11335521e-01  2.20000000e-05  3.97822364e-06 
 2.30000000e-05  1.71003560e+00  2.30000000e-05  8.03765326e-01  2.30000000e-05  6.37672676e-01  2.30000000e-05  2.30000081e-05  2.30000000e-05  1.29179447e-01  2.30000000e-05  8.02981688e-01  2.30000000e-05  1.48583828e-12  2.30000000e-05  1.65066629e+00  2.30000000e-05  4.75900802e-01  2.30000000e-05  1.39890729e-04  2.30000000e-05  1.65066635e+00  2.30000000e-05  4.75900780e-01  2.30000000e-05  1.39643741e-04  2.30000000e-05  1.65066666e+00  2.30000000e-05  4.75900669e-01  2.30000000e-05  1.38407908e-04  2.30000000e-05  9.07707628e-01  2.30000000e-05  9.09371210e-01  2.30000000e-05  6.77298677e-06  2.30000000e-05  8.98789420e-01  2.30000000e-05  9.11408952e-01  2.30000000e-05  3.96591327e-06 
 2.40000000e-05  1.71050872e+00  2.40000000e-05  8.07772280e-01  2.40000000e-05  6.36568534e-01  2.40000000e-05  2.40000068e-05  2.40000000e-05  1.29175368e-01  2.40000000e-05  8.02982196e-01  2.40000000e-05  1.48567363e-12  2.40000000e-05  1.65066637e+00  2.40000000e-05  4.75900799e-01  2.40000000e-05  1.39865934e-04  2.40000000e-05  1.65066642e+00  2.40000000e-05  4.75900780e-01  2.40000000e-05  1.39643431e-04  2.40000000e-05  1.65066674e+00  2.40000000e-05  4.75900669e-01  2.40000000e-05  1.38407618e-04  2.40000000e-05  9.07907778e-01  2.40000000e-05  9.09445818e-01  2.40000000e-05  6.78555911e-06  2.40000000e-05  8.98586757e-01  2.40000000e-05  9.11482477e-01  2.40000000e-05  3.95357570e-06 
 2.50000000e-05  1.71098286e+00  2.50000000e-05  8.11685257e-01  2.50000000e-05  6.35488580e-01  2.50000000e-05  2.50000057e-05  2.50000000e-05  1.29178637e-01  2.50000000e-05  8.02981088e-01  2.50000000e-05  1.48583277e-12  2.50000000e-05  1.65066645e+00  2.50000000e-05  4.75900797e-01  2.50000000e-05  1.39841161e-04  2.50000000e-05  1.65066650e+00  2.50000000e-05  4.75900780e-01  2.50000000e-05  1.39643122e-04  2.50000000e-05  1.65066681e+00  2.50000000e-05  4.75900669e-01  2.50000000e-05  1.38407329e-04  2.50000000e-05  9.08108112e-01  2.50000000e-05  9.09520522e-01  2.50000000e-05  6.79815893e-06  2.50000000e-05  8.98383247e-01  2.50000000e-05  9.11556094e-01  2.50000000e-05  3.94121097e-06 
 2.60000000e-05  1.71145803e+00  2.60000000e-05  8.15510885e-01  2.60000000e-05  6.34431094e-01  2.60000000e-05  2.60000048e-05  2.60000000e-05  1.29192463e-01  2.60000000e-05  8.02977658e-01  2.60000000e-05  1.48645725e-12  2.60000000e-05  1.65066653e+00  2.60000000e-05  4.75900795e-01  2.60000000e-05  1.39816410e-04  2.60000000e-05  1.65066657e+00  2.60000000e-05  4.75900779e-01  2.60000000e-05  1.39642815e-04  2.60000000e-05  1.65066688e+00  2.60000000e-05  4.75900669e-01  2.60000000e-05  1.38407041e-04  2.60000000e-05  9.08308629e-01  2.60000000e-05  9.09595321e-01  2.60000000e-05  6.81078617e-06  2.60000000e-05  8.98178888e-01  2.60000000e-05  9.11629805e-01  2.60000000e-05  3.92881911e-06 
 2.70000000e-05  1.71193422e+00  2.70000000e-05  8.19255076e-01  2.70000000e-05  6.33394542e-01  2.70000000e-05  2.70000041e-05  2.70000000e-05  1.29185792e-01  2.70000000e-05  8.02978740e-01  2.70000000e-05  1.48617817e-12  2.70000000e-05  1.65066661e+00  2.70000000e-05  4.75900793e-01  2.70000000e-05  1.39791681e-04  2.70000000e-05  1.65066665e+00  2.70000000e-05  4.75900779e-01  2.70000000e-05  1.39642508e-04  2.70000000e-05  1.65066696e+00  2.70000000e-05  4.75900669e-01  2.70000000e-05  1.38406754e-04  2.70000000e-05  9.08509326e-01  2.70000000e-05  9.09670214e-01  2.70000000e-05  6.82344082e-06  2.70000000e-05  8.97973675e-01  2.70000000e-05  9.11703608e-01  2.70000000e-05  3.91640016e-06 
 2.80000000e-05  1.71241143e+00  2.80000000e-05  8.22923131e-01  2.80000000e-05  6.32377548e-01  2.80000000e-05  2.80000035e-05  2.80000000e-05  1.29192308e-01  2.80000000e-05  8.02976921e-01  2.80000000e-05  1.48648037e-12  2.80000000e-05  1.65066669e+00  2.80000000e-05  4.75900791e-01  2.80000000e-05  1.39766975e-04  2.80000000e-05  1.65066672e+00  2.80000000e-05  4.75900779e-01  2.80000000e-05  1.39642202e-04  2.80000000e-05  1.65066703e+00  2.80000000e-05  4.75900669e-01  2.80000000e-05  1.38406468e-04  2.80000000e-05  9.08710203e-01  2.80000000e-05  9.09745201e-01  2.80000000e-05  6.83612283e-06  2.80000000e-05  8.97767608e-01  2.80000000e-05  9.11777502e-01  2.80000000e-05  3.90395415e-06 
 2.90000000e-05  1.71288965e+00  2.90000000e-05  8.26519820e-01  2.90000000e-05  6.31378874e-01  2.90000000e-05  2.90000030e-05  2.90000000e-05  1.29180766e-01  2.90000000e-05  8.02979076e-01  2.90000000e-05  1.48598646e-12  2.90000000e-05  1.65066677e+00  2.90000000e-05  4.75900788e-01  2.90000000e-05  1.39742292e-04  2.90000000e-05  1.65066680e+00  2.90000000e-05  4.75900779e-01  2.90000000e-05  1.39641898e-04  2.90000000e-05  1.65066711e+00  2.90000000e-05  4.75900669e-01  2.90000000e-05  1.38406182e-04  2.90000000e-05  9.08911259e-01  2.90000000e-05  9.09820283e-01  2.90000000e-05  6.84883217e-06  2.90000000e-05  8.97560683e-01  2.90000000e-05  9.11851489e-01  2.90000000e-05  3.89148113e-06 
 3.00000000e-05  1.71336889e+00  3.00000000e-05  8.30049453e-01  3.00000000e-05  6.30397400e-01  3.00000000e-05  3.00000026e-05  3.00000000e-05  1.29176548e-01  3.00000000e-05  8.02979621e-01  3.00000000e-05  1.48581542e-12  3.00000000e-05  1.65066685e+00  3.00000000e-05  4.75900786e-01  3.00000000e-05  1.39717631e-04  3.00000000e-05  1.65066687e+00  3.00000000e-05  4.75900779e-01  3.00000000e-05  1.39641594e-04  3.00000000e-05  1.65066718e+00  3.00000000e-05  4.75900669e-01  3.00000000e-05  1.38405898e-04  3.00000000e-05  9.09112492e-01  3.00000000e-05  9.09895458e-01  3.00000000e-05  6.86156880e-06  3.00000000e-05  8.97352896e-01  3.00000000e-05  9.11925566e-01  3.00000000e-05  3.87898111e-06 
 3.10000000e-05  1.71384915e+00  3.10000000e-05  8.33515938e-01  3.10000000e-05  6.29432111e-01  3.10000000e-05  3.10000023e-05  3.10000000e-05  1.29176449e-01  3.10000000e-05  8.02979261e-01  3.10000000e-05  1.48582587e-12  3.10000000e-05  1.65066693e+00  3.10000000e-05  4.75900784e-01  3.10000000e-05  1.39692993e-04  3.10000000e-05  1.65066695e+00  3.10000000e-05  4.75900779e-01  3.10000000e-05  1.39641291e-04  3.10000000e-05  1.65066726e+00  3.10000000e-05  4.75900669e-01  3.10000000e-05  1.38405614e-04  3.10000000e-05  9.09313900e-01  3.10000000e-05  9.09970726e-01  3.10000000e-05  6.87433268e-06  3.10000000e-05  8.97144246e-01  3.10000000e-05  9.11999734e-01  3.10000000e-05  3.86645413e-06 
 3.20000000e-05  1.71433042e+00  3.20000000e-05  8.36922830e-01  3.20000000e-05  6.28482085e-01  3.20000000e-05  3.20000020e-05  3.20000000e-05  1.29191409e-01  3.20000000e-05  8.02975588e-01  3.20000000e-05  1.48650013e-12  3.20000000e-05  1.65066701e+00  3.20000000e-05  4.75900782e-01  3.20000000e-05  1.39668378e-04  3.20000000e-05  1.65066702e+00  3.20000000e-05  4.75900779e-01  3.20000000e-05  1.39640990e-04  3.20000000e-05  1.65066733e+00  3.20000000e-05  4.75900669e-01  3.20000000e-05  1.38405332e-04  3.20000000e-05  9.09515484e-01  3.20000000e-05  9.10046087e-01  3.20000000e-05  6.88712378e-06  3.20000000e-05  8.96934730e-01  3.20000000e-05  9.12073993e-01  3.20000000e-05  3.85390025e-06 
 3.30000000e-05  1.71481271e+00  3.30000000e-05  8.40273375e-01  3.30000000e-05  6.27546477e-01  3.30000000e-05  3.30000017e-05  3.30000000e-05  1.29181447e-01  3.30000000e-05  8.02977401e-01  3.30000000e-05  1.48607568e-12  3.30000000e-05  1.65066709e+00  3.30000000e-05  4.75900780e-01  3.30000000e-05  1.39643786e-04  3.30000000e-05  1.65066710e+00  3.30000000e-05  4.75900779e-01  3.30000000e-05  1.39640689e-04  3.30000000e-05  1.65066741e+00  3.30000000e-05  4.75900669e-01  3.30000000e-05  1.38405050e-04  3.30000000e-05  9.09717240e-01  3.30000000e-05  9.10121540e-01  3.30000000e-05  6.89994205e-06  3.30000000e-05  8.96724344e-01  3.30000000e-05  9.12148342e-01  3.30000000e-05  3.84131950e-06 
 3.40000000e-05  1.71529600e+00  3.40000000e-05  8.43570545e-01  3.40000000e-05  6.26624516e-01  3.40000000e-05  3.40000015e-05  3.40000000e-05  1.29180778e-01  3.40000000e-05  8.02977169e-01  3.40000000e-05  1.48606091e-12  3.40000000e-05  1.65066718e+00  3.40000000e-05  4.75900777e-01  3.40000000e-05  1.39619218e-04  3.40000000e-05  1.65066717e+00  3.40000000e-05  4.75900779e-01  3.40000000e-05  1.39640389e-04  3.40000000e-05  1.65066748e+00  3.40000000e-05  4.75900669e-01  3.40000000e-05  1.38404769e-04  3.40000000e-05  9.09919169e-01  3.40000000e-05  9.10197085e-01  3.40000000e-05  6.91278746e-06  3.40000000e-05  8.96513085e-01  3.40000000e-05  9.12222780e-01  3.40000000e-05  3.82871190e-06 
 3.50000000e-05  1.71578030e+00  3.50000000e-05  8.46817066e-01  3.50000000e-05  6.25715493e-01  3.50000000e-05  3.50000013e-05  3.50000000e-05  1.29181174e-01  3.50000000e-05  8.02976704e-01  3.50000000e-05  1.48609303e-12  3.50000000e-05  1.65066726e+00  3.50000000e-05  4.75900775e-01  3.50000000e-05  1.39594674e-04  3.50000000e-05  1.65066725e+00  3.50000000e-05  4.75900779e-01  3.50000000e-05  1.39640090e-04  3.50000000e-05  1.65066756e+00  3.50000000e-05  4.75900669e-01  3.50000000e-05  1.38404489e-04  3.50000000e-05  9.10121269e-01  3.50000000e-05  9.10272722e-01  3.50000000e-05  6.92565996e-06  3.50000000e-05  8.96300952e-01  3.50000000e-05  9.12297308e-01  3.50000000e-05  3.81607751e-06 
 3.60000000e-05  1.71626561e+00  3.60000000e-05  8.50015449e-01  3.60000000e-05  6.24818757e-01  3.60000000e-05  3.60000012e-05  3.60000000e-05  1.29178544e-01  3.60000000e-05  8.02976906e-01  3.60000000e-05  1.48599171e-12  3.60000000e-05  1.65066734e+00  3.60000000e-05  4.75900773e-01  3.60000000e-05  1.39570153e-04  3.60000000e-05  1.65066732e+00  3.60000000e-05  4.75900779e-01  3.60000000e-05  1.39639792e-04  3.60000000e-05  1.65066763e+00  3.60000000e-05  4.75900669e-01  3.60000000e-05  1.38404210e-04  3.60000000e-05  9.10323538e-01  3.60000000e-05  9.10348450e-01  3.60000000e-05  6.93855951e-06  3.60000000e-05  8.96087940e-01  3.60000000e-05  9.12371925e-01  3.60000000e-05  3.80341637e-06 
 3.70000000e-05  1.71675193e+00  3.70000000e-05  8.53168010e-01  3.70000000e-05  6.23933704e-01  3.70000000e-05  3.70000010e-05  3.70000000e-05  1.29182527e-01  3.70000000e-05  8.02975654e-01  3.70000000e-05  1.48618185e-12  3.70000000e-05  1.65066742e+00  3.70000000e-05  4.75900771e-01  3.70000000e-05  1.39545656e-04  3.70000000e-05  1.65066740e+00  3.70000000e-05  4.75900779e-01  3.70000000e-05  1.39639495e-04  3.70000000e-05  1.65066771e+00  3.70000000e-05  4.75900669e-01  3.70000000e-05  1.38403932e-04  3.70000000e-05  9.10525975e-01  3.70000000e-05  9.10424269e-01  3.70000000e-05  6.95148607e-06  3.70000000e-05  8.95874047e-01  3.70000000e-05  9.12446630e-01  3.70000000e-05  3.79072851e-06 
 3.80000000e-05  1.71723924e+00  3.80000000e-05  8.56276891e-01  3.80000000e-05  6.23059780e-01  3.80000000e-05  3.80000009e-05  3.80000000e-05  1.29175184e-01  3.80000000e-05  8.02976895e-01  3.80000000e-05  1.48587273e-12  3.80000000e-05  1.65066750e+00  3.80000000e-05  4.75900769e-01  3.80000000e-05  1.39521183e-04  3.80000000e-05  1.65066747e+00  3.80000000e-05  4.75900779e-01  3.80000000e-05  1.39639198e-04  3.80000000e-05  1.65066778e+00  3.80000000e-05  4.75900669e-01  3.80000000e-05  1.38403654e-04  3.80000000e-05  9.10728580e-01  3.80000000e-05  9.10500179e-01  3.80000000e-05  6.96443959e-06  3.80000000e-05  8.95659270e-01  3.80000000e-05  9.12521424e-01  3.80000000e-05  3.77801398e-06 
 3.90000000e-05  1.71772756e+00  3.90000000e-05  8.59344076e-01  3.90000000e-05  6.22196466e-01  3.90000000e-05  3.90000008e-05  3.90000000e-05  1.29186338e-01  3.90000000e-05  8.02974066e-01  3.90000000e-05  1.48637894e-12  3.90000000e-05  1.65066759e+00  3.90000000e-05  4.75900766e-01  3.90000000e-05  1.39496734e-04  3.90000000e-05  1.65066755e+00  3.90000000e-05  4.75900779e-01  3.90000000e-05  1.39638903e-04  3.90000000e-05  1.65066786e+00  3.90000000e-05  4.75900669e-01  3.90000000e-05  1.38403378e-04  3.90000000e-05  9.10931350e-01  3.90000000e-05  9.10576178e-01  3.90000000e-05  6.97742003e-06  3.90000000e-05  8.95443605e-01  3.90000000e-05  9.12596306e-01  3.90000000e-05  3.76527284e-06 
 4.00000000e-05  1.71821688e+00  4.00000000e-05  8.62371409e-01  4.00000000e-05  6.21343285e-01  4.00000000e-05  4.00000007e-05  4.00000000e-05  1.29177472e-01  4.00000000e-05  8.02975645e-01  4.00000000e-05  1.48600256e-12  4.00000000e-05  1.65066767e+00  4.00000000e-05  4.75900764e-01  4.00000000e-05  1.39472310e-04  4.00000000e-05  1.65066763e+00  4.00000000e-05  4.75900779e-01  4.00000000e-05  1.39638608e-04  4.00000000e-05  1.65066794e+00  4.00000000e-05  4.75900669e-01  4.00000000e-05  1.38403102e-04  4.00000000e-05  9.11134284e-01  4.00000000e-05  9.10652268e-01  4.00000000e-05  6.99042732e-06  4.00000000e-05  8.95227051e-01  4.00000000e-05  9.12671275e-01  4.00000000e-05  3.75250513e-06 
 4.10000000e-05  1.71870720e+00  4.10000000e-05  8.65360606e-01  4.10000000e-05  6.20499791e-01  4.10000000e-05  4.10000006e-05  4.10000000e-05  1.29184028e-01  4.10000000e-05  8.02973830e-01  4.10000000e-05  1.48630600e-12  4.10000000e-05  1.65066775e+00  4.10000000e-05  4.75900762e-01  4.10000000e-05  1.39447909e-04  4.10000000e-05  1.65066770e+00  4.10000000e-05  4.75900779e-01  4.10000000e-05  1.39638315e-04  4.10000000e-05  1.65066801e+00  4.10000000e-05  4.75900669e-01  4.10000000e-05  1.38402827e-04  4.10000000e-05  9.11337381e-01  4.10000000e-05  9.10728447e-01  4.10000000e-05  7.00346143e-06  4.10000000e-05  8.95009603e-01  4.10000000e-05  9.12746332e-01  4.10000000e-05  3.73971089e-06 
 4.20000000e-05  1.71919852e+00  4.20000000e-05  8.68313265e-01  4.20000000e-05  6.19665568e-01  4.20000000e-05  4.20000006e-05  4.20000000e-05  1.29177533e-01  4.20000000e-05  8.02974889e-01  4.20000000e-05  1.48603403e-12  4.20000000e-05  1.65066783e+00  4.20000000e-05  4.75900760e-01  4.20000000e-05  1.39423534e-04  4.20000000e-05  1.65066778e+00  4.20000000e-05  4.75900779e-01  4.20000000e-05  1.39638022e-04  4.20000000e-05  1.65066809e+00  4.20000000e-05  4.75900668e-01  4.20000000e-05  1.38402553e-04  4.20000000e-05  9.11540641e-01  4.20000000e-05  9.10804716e-01  4.20000000e-05  7.01652232e-06  4.20000000e-05  8.94791260e-01  4.20000000e-05  9.12821475e-01  4.20000000e-05  3.72689017e-06 
 4.30000000e-05  1.71969082e+00  4.30000000e-05  8.71230881e-01  4.30000000e-05  6.18840227e-01  4.30000000e-05  4.30000005e-05  4.30000000e-05  1.29183856e-01  4.30000000e-05  8.02973127e-01  4.30000000e-05  1.48632712e-12  4.30000000e-05  1.65066792e+00  4.30000000e-05  4.75900758e-01  4.30000000e-05  1.39399183e-04  4.30000000e-05  1.65066786e+00  4.30000000e-05  4.75900779e-01  4.30000000e-05  1.39637730e-04  4.30000000e-05  1.65066817e+00  4.30000000e-05  4.75900668e-01  4.30000000e-05  1.38402279e-04  4.30000000e-05  9.11744060e-01  4.30000000e-05  9.10881074e-01  4.30000000e-05  7.02960990e-06  4.30000000e-05  8.94572016e-01  4.30000000e-05  9.12896706e-01  4.30000000e-05  3.71404304e-06 
 4.40000000e-05  1.72018412e+00  4.40000000e-05  8.74114852e-01  4.40000000e-05  6.18023405e-01  4.40000000e-05  4.40000005e-05  4.40000000e-05  1.29179670e-01  4.40000000e-05  8.02973680e-01  4.40000000e-05  1.48615693e-12  4.40000000e-05  1.65066800e+00  4.40000000e-05  4.75900756e-01  4.40000000e-05  1.39374857e-04  4.40000000e-05  1.65066793e+00  4.40000000e-05  4.75900779e-01  4.40000000e-05  1.39637439e-04  4.40000000e-05  1.65066824e+00  4.40000000e-05  4.75900668e-01  4.40000000e-05  1.38402007e-04  4.40000000e-05  9.11947639e-01  4.40000000e-05  9.10957520e-01  4.40000000e-05  7.04272415e-06  4.40000000e-05  8.94351871e-01  4.40000000e-05  9.12972022e-01  4.40000000e-05  3.70116953e-06 
 4.50000000e-05  1.72067841e+00  4.50000000e-05  8.76966486e-01  4.50000000e-05  6.17214762e-01  4.50000000e-05  4.50000004e-05  4.50000000e-05  1.29174508e-01  4.50000000e-05  8.02974448e-01  4.50000000e-05  1.48594366e-12  4.50000000e-05  1.65066808e+00  4.50000000e-05  4.75900753e-01  4.50000000e-05  1.39350557e-04  4.50000000e-05  1.65066801e+00  4.50000000e-05  4.75900779e-01  4.50000000e-05  1.39637149e-04  4.50000000e-05  1.65066832e+00  4.50000000e-05  4.75900668e-01  4.50000000e-05  1.38401735e-04  4.50000000e-05  9.12151376e-01  4.50000000e-05  9.11034054e-01  4.50000000e-05  7.05586498e-06  4.50000000e-05  8.94130820e-01  4.50000000e-05  9.13047425e-01  4.50000000e-05  3.68826972e-06 
 4.60000000e-05  1.72117369e+00  4.60000000e-05  8.79787012e-01  4.60000000e-05  6.16413978e-01  4.60000000e-05  4.60000004e-05  4.60000000e-05  1.29183103e-01  4.60000000e-05  8.02972189e-01  4.60000000e-05  1.48633678e-12  4.60000000e-05  1.65066817e+00  4.60000000e-05  4.75900751e-01  4.60000000e-05  1.39326281e-04  4.60000000e-05  1.65066809e+00  4.60000000e-05  4.75900779e-01  4.60000000e-05  1.39636859e-04  4.60000000e-05  1.65066840e+00  4.60000000e-05  4.75900668e-01  4.60000000e-05  1.38401464e-04  4.60000000e-05  9.12355269e-01  4.60000000e-05  9.11110676e-01  4.60000000e-05  7.06903237e-06  4.60000000e-05  8.93908860e-01  4.60000000e-05  9.13122913e-01  4.60000000e-05  3.67534366e-06 
 4.70000000e-05  1.72166995e+00  4.70000000e-05  8.82577586e-01  4.70000000e-05  6.15620754e-01  4.70000000e-05  4.70000003e-05  4.70000000e-05  1.29175787e-01  4.70000000e-05  8.02973433e-01  4.70000000e-05  1.48602846e-12  4.70000000e-05  1.65066825e+00  4.70000000e-05  4.75900749e-01  4.70000000e-05  1.39302031e-04  4.70000000e-05  1.65066816e+00  4.70000000e-05  4.75900779e-01  4.70000000e-05  1.39636571e-04  4.70000000e-05  1.65066848e+00  4.70000000e-05  4.75900668e-01  4.70000000e-05  1.38401194e-04  4.70000000e-05  9.12559317e-01  4.70000000e-05  9.11187387e-01  4.70000000e-05  7.08222622e-06  4.70000000e-05  8.93685989e-01  4.70000000e-05  9.13198487e-01  4.70000000e-05  3.66239140e-06 
 4.80000000e-05  1.72216719e+00  4.80000000e-05  8.85339294e-01  4.80000000e-05  6.14834806e-01  4.80000000e-05  4.80000003e-05  4.80000000e-05  1.29178376e-01  4.80000000e-05  8.02972498e-01  4.80000000e-05  1.48615675e-12  4.80000000e-05  1.65066833e+00  4.80000000e-05  4.75900747e-01  4.80000000e-05  1.39277806e-04  4.80000000e-05  1.65066824e+00  4.80000000e-05  4.75900779e-01  4.80000000e-05  1.39636283e-04  4.80000000e-05  1.65066855e+00  4.80000000e-05  4.75900668e-01  4.80000000e-05  1.38400924e-04  4.80000000e-05  9.12763519e-01  4.80000000e-05  9.11264184e-01  4.80000000e-05  7.09544649e-06  4.80000000e-05  8.93462202e-01  4.80000000e-05  9.13274146e-01  4.80000000e-05  3.64941303e-06 
 4.90000000e-05  1.72266542e+00  4.90000000e-05  8.88073161e-01  4.90000000e-05  6.14055868e-01  4.90000000e-05  4.90000003e-05  4.90000000e-05  1.29176987e-01  4.90000000e-05  8.02972440e-01  4.90000000e-05  1.48610967e-12  4.90000000e-05  1.65066842e+00  4.90000000e-05  4.75900745e-01  4.90000000e-05  1.39253607e-04  4.90000000e-05  1.65066832e+00  4.90000000e-05  4.75900779e-01  4.90000000e-05  1.39635996e-04  4.90000000e-05  1.65066863e+00  4.90000000e-05  4.75900668e-01  4.90000000e-05  1.38400656e-04  4.90000000e-05  9.12967873e-01  4.90000000e-05  9.11341069e-01  4.90000000e-05  7.10869311e-06  4.90000000e-05  8.93237498e-01  4.90000000e-05  9.13349890e-01  4.90000000e-05  3.63640858e-06 
 5.00000000e-05  1.72316461e+00  5.00000000e-05  8.90780155e-01  5.00000000e-05  6.13283688e-01  5.00000000e-05  5.00000003e-05  5.00000000e-05  1.29172051e-01  5.00000000e-05  8.02973162e-01  5.00000000e-05  1.48590622e-12  5.00000000e-05  1.65066850e+00  5.00000000e-05  4.75900742e-01  5.00000000e-05  1.39229433e-04  5.00000000e-05  1.65066840e+00  5.00000000e-05  4.75900779e-01  5.00000000e-05  1.39635710e-04  5.00000000e-05  1.65066871e+00  5.00000000e-05  4.75900668e-01  5.00000000e-05  1.38400388e-04  5.00000000e-05  9.13172378e-01  5.00000000e-05  9.11418040e-01  5.00000000e-05  7.12196600e-06  5.00000000e-05  8.93011872e-01  5.00000000e-05  9.13425719e-01  5.00000000e-05  3.62337814e-06 
