 0.00000000e+00  1.70549353e+00  0.00000000e+00  9.57359113e-01  0.00000000e+00  8.06555155e-01  0.00000000e+00  2.50000003e-05  0.00000000e+00  4.02879192e-01  0.00000000e+00  9.56223585e-01  0.00000000e+00  8.48459126e-13  0.00000000e+00  1.64996897e+00  0.00000000e+00  6.87518469e-01  0.00000000e+00  1.16171341e-04  0.00000000e+00  1.64996895e+00  0.00000000e+00  6.87518476e-01  0.00000000e+00  1.16250192e-04  0.00000000e+00  1.64996919e+00  0.00000000e+00  6.87518386e-01  0.00000000e+00  1.15275592e-04  0.00000000e+00  1.05899624e+00  0.00000000e+00  1.08437425e+00  0.00000000e+00  4.20612092e-06  0.00000000e+00  1.03214439e+00  0.00000000e+00  1.08586361e+00  0.00000000e+00  2.18942300e-06 
 1.00000000e-06  1.70550042e+00  1.00000000e-06  9.57358703e-01  1.00000000e-06  8.06554749e-01  1.00000000e-06  2.50000003e-05  1.00000000e-06  7.92105523e-01  1.00000000e-06  8.54631880e-01  1.00000000e-06  1.00091250e-06  1.00000000e-06  1.64996897e+00  1.00000000e-06  6.87518469e-01  1.00000000e-06  1.16170941e-04  1.00000000e-06  1.64996896e+00  1.00000000e-06  6.87518473e-01  1.00000000e-06  1.16222724e-04  1.00000000e-06  1.64996919e+00  1.00000000e-06  6.87518385e-01  1.00000000e-06  1.15275224e-04  1.00000000e-06  1.05913887e+00  1.00000000e-06  1.08451210e+00  1.00000000e-06  4.20607890e-06  1.00000000e-06  1.03228603e+00  1.00000000e-06  1.08600173e+00  1.00000000e-06  2.18923231e-06 
 2.00000000e-06  1.70550891e+00  2.00000000e-06  9.57358294e-01  2.00000000e-06  8.06554344e-01  2.00000000e-06  2.50000003e-05  2.00000000e-06  8.18326411e-01  2.00000000e-06  8.47223408e-01  2.00000000e-06  2.00012279e-06  2.00000000e-06  1.64996897e+00  2.00000000e-06  6.87518469e-01  2.00000000e-06  1.16170543e-04  2.00000000e-06  1.64996896e+00  2.00000000e-06  6.87518471e-01  2.00000000e-06  1.16195289e-04  2.00000000e-06  1.64996920e+00  2.00000000e-06  6.87518385e-01  2.00000000e-06  1.15274858e-04  2.00000000e-06  1.05928607e+00  2.00000000e-06  1.08464920e+00  2.00000000e-06  4.20646478e-06  2.00000000e-06  1.03243222e+00  2.00000000e-06  1.08613907e+00  2.00000000e-06  2.18929175e-06 
 3.00000000e-06  1.70551743e+00  3.00000000e-06  9.57357886e-01  3.00000000e-06  8.06553940e-01  3.00000000e-06  2.50000003e-05  3.00000000e-06  8.35057933e-01  3.00000000e-06  8.42453896e-01  3.00000000e-06  3.00038360e-06  3.00000000e-06  1.64996897e+00  3.00000000e-06  6.87518469e-01  3.00000000e-06  1.16170146e-04  3.00000000e-06  1.64996897e+00  3.00000000e-06  6.87518468e-01  3.00000000e-06  1.16167889e-04  3.00000000e-06  1.64996920e+00  3.00000000e-06  6.87518385e-01  3.00000000e-06  1.15274494e-04  3.00000000e-06  1.05943340e+00  3.00000000e-06  1.08478643e+00  3.00000000e-06  4.20685146e-06  3.00000000e-06  1.03257855e+00  3.00000000e-06  1.08627654e+00  3.00000000e-06  2.18935086e-06 
 4.00000000e-06  1.70552597e+00  4.00000000e-06  9.57357481e-01  4.00000000e-06  8.06553538e-01  4.00000000e-06  2.50000003e-05  4.00000000e-06  8.47871471e-01  4.00000000e-06  8.38778682e-01  4.00000000e-06  4.01191603e-06  4.00000000e-06  1.64996897e+00  4.00000000e-06  6.87518469e-01  4.00000000e-06  1.16169750e-04  4.00000000e-06  1.64996898e+00  4.00000000e-06  6.87518466e-01  4.00000000e-06  1.16140523e-04  4.00000000e-06  1.64996920e+00  4.00000000e-06  6.87518385e-01  4.00000000e-06  1.15274131e-04  4.00000000e-06  1.05958087e+00  4.00000000e-06  1.08492377e+00  4.00000000e-06  4.20723894e-06  4.00000000e-06  1.03272501e+00  4.00000000e-06  1.08641412e+00  4.00000000e-06  2.18940961e-06 
 5.00000000e-06  1.70553455e+00  5.00000000e-06  9.57357076e-01  5.00000000e-06  8.06553138e-01  5.00000000e-06  2.50000003e-05  5.00000000e-06  8.58190066e-01  5.00000000e-06  8.35804768e-01  5.00000000e-06  5.00523145e-06  5.00000000e-06  1.64996897e+00  5.00000000e-06  6.87518469e-01  5.00000000e-06  1.16169357e-04  5.00000000e-06  1.64996899e+00  5.00000000e-06  6.87518463e-01  5.00000000e-06  1.16113194e-04  5.00000000e-06  1.64996920e+00  5.00000000e-06  6.87518385e-01  5.00000000e-06  1.15273770e-04  5.00000000e-06  1.05972847e+00  5.00000000e-06  1.08506123e+00  5.00000000e-06  4.20762720e-06  5.00000000e-06  1.03287160e+00  5.00000000e-06  1.08655182e+00  5.00000000e-06  2.18946801e-06 
 6.00000000e-06  1.70554316e+00  6.00000000e-06  9.57356673e-01  6.00000000e-06  8.06552739e-01  6.00000000e-06  2.50000003e-05  6.00000000e-06  8.67080893e-01  6.00000000e-06  8.33231972e-01  6.00000000e-06  6.00181520e-06  6.00000000e-06  1.64996898e+00  6.00000000e-06  6.87518469e-01  6.00000000e-06  1.16168964e-04  6.00000000e-06  1.64996900e+00  6.00000000e-06  6.87518461e-01  6.00000000e-06  1.16085901e-04  6.00000000e-06  1.64996920e+00  6.00000000e-06  6.87518385e-01  6.00000000e-06  1.15273410e-04  6.00000000e-06  1.05987618e+00  6.00000000e-06  1.08519880e+00  6.00000000e-06  4.20801624e-06  6.00000000e-06  1.03301830e+00  6.00000000e-06  1.08668962e+00  6.00000000e-06  2.18952605e-06 
 7.00000000e-06  1.70555179e+00  7.00000000e-06  9.57356272e-01  7.00000000e-06  8.06552341e-01  7.00000000e-06  2.50000003e-05  7.00000000e-06  8.74956209e-01  7.00000000e-06  8.30944950e-01  7.00000000e-06  7.00096083e-06  7.00000000e-06  1.64996898e+00  7.00000000e-06  6.87518468e-01  7.00000000e-06  1.16168574e-04  7.00000000e-06  1.64996901e+00  7.00000000e-06  6.87518458e-01  7.00000000e-06  1.16058646e-04  7.00000000e-06  1.64996920e+00  7.00000000e-06  6.87518385e-01  7.00000000e-06  1.15273051e-04  7.00000000e-06  1.06002401e+00  7.00000000e-06  1.08533646e+00  7.00000000e-06  4.20840603e-06  7.00000000e-06  1.03316512e+00  7.00000000e-06  1.08682753e+00  7.00000000e-06  2.18958372e-06 
 8.00000000e-06  1.70556045e+00  8.00000000e-06  9.57355872e-01  8.00000000e-06  8.06551945e-01  8.00000000e-06  2.50000003e-05  8.00000000e-06  8.82058112e-01  8.00000000e-06  8.28875965e-01  8.00000000e-06  8.00057679e-06  8.00000000e-06  1.64996898e+00  8.00000000e-06  6.87518468e-01  8.00000000e-06  1.16168184e-04  8.00000000e-06  1.64996901e+00  8.00000000e-06  6.87518456e-01  8.00000000e-06  1.16031430e-04  8.00000000e-06  1.64996921e+00  8.00000000e-06  6.87518385e-01  8.00000000e-06  1.15272694e-04  8.00000000e-06  1.06017195e+00  8.00000000e-06  1.08547422e+00  8.00000000e-06  4.20879658e-06  8.00000000e-06  1.03331204e+00  8.00000000e-06  1.08696553e+00  8.00000000e-06  2.18964100e-06 
 9.00000000e-06  1.70556915e+00  9.00000000e-06  9.57355474e-01  9.00000000e-06  8.06551550e-01  9.00000000e-06  2.50000003e-05  9.00000000e-06  8.88556461e-01  9.00000000e-06  8.26977319e-01  9.00000000e-06  9.00036039e-06  9.00000000e-06  1.64996898e+00  9.00000000e-06  6.87518468e-01  9.00000000e-06  1.16167797e-04  9.00000000e-06  1.64996902e+00  9.00000000e-06  6.87518453e-01  9.00000000e-06  1.16004253e-04  9.00000000e-06  1.64996921e+00  9.00000000e-06  6.87518385e-01  9.00000000e-06  1.15272339e-04  9.00000000e-06  1.06031999e+00  9.00000000e-06  1.08561207e+00  9.00000000e-06  4.20918787e-06  9.00000000e-06  1.03345906e+00  9.00000000e-06  1.08710362e+00  9.00000000e-06  2.18969791e-06 
 1.00000000e-05  1.70557787e+00  1.00000000e-05  9.57355077e-01  1.00000000e-05  8.06551157e-01  1.00000000e-05  2.50000003e-05  1.00000000e-05  8.94570208e-01  1.00000000e-05  8.25215551e-01  1.00000000e-05  1.00002368e-05  1.00000000e-05  1.64996898e+00  1.00000000e-05  6.87518468e-01  1.00000000e-05  1.16167410e-04  1.00000000e-05  1.64996903e+00  1.00000000e-05  6.87518451e-01  1.00000000e-05  1.15977116e-04  1.00000000e-05  1.64996921e+00  1.00000000e-05  6.87518385e-01  1.00000000e-05  1.15271984e-04  1.00000000e-05  1.06046813e+00  1.00000000e-05  1.08575001e+00  1.00000000e-05  4.20957990e-06  1.00000000e-05  1.03360618e+00  1.00000000e-05  1.08724180e+00  1.00000000e-05  2.18975442e-06 
 1.10000000e-05  1.70558662e+00  1.10000000e-05  9.57354681e-01  1.10000000e-05  8.06550765e-01  1.10000000e-05  2.50000003e-05  1.10000000e-05  9.00185489e-01  1.10000000e-05  8.23566401e-01  1.10000000e-05  1.10001622e-05  1.10000000e-05  1.64996898e+00  1.10000000e-05  6.87518468e-01  1.10000000e-05  1.16167026e-04  1.10000000e-05  1.64996904e+00  1.10000000e-05  6.87518448e-01  1.10000000e-05  1.15950021e-04  1.10000000e-05  1.64996921e+00  1.10000000e-05  6.87518385e-01  1.10000000e-05  1.15271631e-04  1.10000000e-05  1.06061636e+00  1.10000000e-05  1.08588803e+00  1.10000000e-05  4.20997264e-06  1.10000000e-05  1.03375339e+00  1.10000000e-05  1.08738005e+00  1.10000000e-05  2.18981053e-06 
 1.20000000e-05  1.70559539e+00  1.20000000e-05  9.57354287e-01  1.20000000e-05  8.06550375e-01  1.20000000e-05  2.50000003e-05  1.20000000e-05  9.05466801e-01  1.20000000e-05  8.22011685e-01  1.20000000e-05  1.20001150e-05  1.20000000e-05  1.64996899e+00  1.20000000e-05  6.87518468e-01  1.20000000e-05  1.16166642e-04  1.20000000e-05  1.64996905e+00  1.20000000e-05  6.87518446e-01  1.20000000e-05  1.15922967e-04  1.20000000e-05  1.64996921e+00  1.20000000e-05  6.87518385e-01  1.20000000e-05  1.15271280e-04  1.20000000e-05  1.06076468e+00  1.20000000e-05  1.08602612e+00  1.20000000e-05  4.21036610e-06  1.20000000e-05  1.03390068e+00  1.20000000e-05  1.08751839e+00  1.20000000e-05  2.18986624e-06 
 1.30000000e-05  1.70560420e+00  1.30000000e-05  9.57353894e-01  1.30000000e-05  8.06549986e-01  1.30000000e-05  2.50000003e-05  1.30000000e-05  9.10463748e-01  1.30000000e-05  8.20537403e-01  1.30000000e-05  1.30000837e-05  1.30000000e-05  1.64996899e+00  1.30000000e-05  6.87518468e-01  1.30000000e-05  1.16166260e-04  1.30000000e-05  1.64996906e+00  1.30000000e-05  6.87518443e-01  1.30000000e-05  1.15895955e-04  1.30000000e-05  1.64996921e+00  1.30000000e-05  6.87518385e-01  1.30000000e-05  1.15270930e-04  1.30000000e-05  1.06091308e+00  1.30000000e-05  1.08616428e+00  1.30000000e-05  4.21076027e-06  1.30000000e-05  1.03404805e+00  1.30000000e-05  1.08765679e+00  1.30000000e-05  2.18992153e-06 
 1.40000000e-05  1.70561304e+00  1.40000000e-05  9.57353502e-01  1.40000000e-05  8.06549598e-01  1.40000000e-05  2.50000003e-05  1.40000000e-05  9.15215336e-01  1.40000000e-05  8.19132537e-01  1.40000000e-05  1.40000624e-05  1.40000000e-05  1.64996899e+00  1.40000000e-05  6.87518468e-01  1.40000000e-05  1.16165880e-04  1.40000000e-05  1.64996906e+00  1.40000000e-05  6.87518441e-01  1.40000000e-05  1.15868986e-04  1.40000000e-05  1.64996922e+00  1.40000000e-05  6.87518385e-01  1.40000000e-05  1.15270581e-04  1.40000000e-05  1.06106155e+00  1.40000000e-05  1.08630251e+00  1.40000000e-05  4.21115513e-06  1.40000000e-05  1.03419549e+00  1.40000000e-05  1.08779525e+00  1.40000000e-05  2.18997641e-06 
 1.50000000e-05  1.70562190e+00  1.50000000e-05  9.57353112e-01  1.50000000e-05  8.06549211e-01  1.50000000e-05  2.50000003e-05  1.50000000e-05  9.19752825e-01  1.50000000e-05  8.17788249e-01  1.50000000e-05  1.50000474e-05  1.50000000e-05  1.64996899e+00  1.50000000e-05  6.87518468e-01  1.50000000e-05  1.16165500e-04  1.50000000e-05  1.64996907e+00  1.50000000e-05  6.87518438e-01  1.50000000e-05  1.15842062e-04  1.50000000e-05  1.64996922e+00  1.50000000e-05  6.87518385e-01  1.50000000e-05  1.15270233e-04  1.50000000e-05  1.06121010e+00  1.50000000e-05  1.08644079e+00  1.50000000e-05  4.21155068e-06  1.50000000e-05  1.03434301e+00  1.50000000e-05  1.08793378e+00  1.50000000e-05  2.19003085e-06 
 1.60000000e-05  1.70563079e+00  1.60000000e-05  9.57352723e-01  1.60000000e-05  8.06548826e-01  1.60000000e-05  2.50000003e-05  1.60000000e-05  9.24101673e-01  1.60000000e-05  8.16497339e-01  1.60000000e-05  1.60000367e-05  1.60000000e-05  1.64996899e+00  1.60000000e-05  6.87518468e-01  1.60000000e-05  1.16165123e-04  1.60000000e-05  1.64996908e+00  1.60000000e-05  6.87518436e-01  1.60000000e-05  1.15815182e-04  1.60000000e-05  1.64996922e+00  1.60000000e-05  6.87518385e-01  1.60000000e-05  1.15269887e-04  1.60000000e-05  1.06135871e+00  1.60000000e-05  1.08657913e+00  1.60000000e-05  4.21194691e-06  1.60000000e-05  1.03449058e+00  1.60000000e-05  1.08807236e+00  1.60000000e-05  2.19008486e-06 
 1.70000000e-05  1.70563971e+00  1.70000000e-05  9.57352336e-01  1.70000000e-05  8.06548442e-01  1.70000000e-05  2.50000003e-05  1.70000000e-05  9.28282904e-01  1.70000000e-05  8.15253854e-01  1.70000000e-05  1.70000287e-05  1.70000000e-05  1.64996899e+00  1.70000000e-05  6.87518468e-01  1.70000000e-05  1.16164746e-04  1.70000000e-05  1.64996909e+00  1.70000000e-05  6.87518433e-01  1.70000000e-05  1.15788347e-04  1.70000000e-05  1.64996922e+00  1.70000000e-05  6.87518385e-01  1.70000000e-05  1.15269542e-04  1.70000000e-05  1.06150738e+00  1.70000000e-05  1.08671753e+00  1.70000000e-05  4.21234381e-06  1.70000000e-05  1.03463822e+00  1.70000000e-05  1.08821100e+00  1.70000000e-05  2.19013843e-06 
 1.80000000e-05  1.70564866e+00  1.80000000e-05  9.57351950e-01  1.80000000e-05  8.06548060e-01  1.80000000e-05  2.50000003e-05  1.80000000e-05  9.32314097e-01  1.80000000e-05  8.14052816e-01  1.80000000e-05  1.80000228e-05  1.80000000e-05  1.64996900e+00  1.80000000e-05  6.87518468e-01  1.80000000e-05  1.16164371e-04  1.80000000e-05  1.64996910e+00  1.80000000e-05  6.87518431e-01  1.80000000e-05  1.15761558e-04  1.80000000e-05  1.64996922e+00  1.80000000e-05  6.87518385e-01  1.80000000e-05  1.15269198e-04  1.80000000e-05  1.06165611e+00  1.80000000e-05  1.08685596e+00  1.80000000e-05  4.21274136e-06  1.80000000e-05  1.03478590e+00  1.80000000e-05  1.08834967e+00  1.80000000e-05  2.19019155e-06 
 1.90000000e-05  1.70565764e+00  1.90000000e-05  9.57351565e-01  1.90000000e-05  8.06547679e-01  1.90000000e-05  2.50000003e-05  1.90000000e-05  9.36210106e-01  1.90000000e-05  8.12890014e-01  1.90000000e-05  1.90000183e-05  1.90000000e-05  1.64996900e+00  1.90000000e-05  6.87518468e-01  1.90000000e-05  1.16163997e-04  1.90000000e-05  1.64996911e+00  1.90000000e-05  6.87518428e-01  1.90000000e-05  1.15734815e-04  1.90000000e-05  1.64996922e+00  1.90000000e-05  6.87518385e-01  1.90000000e-05  1.15268856e-04  1.90000000e-05  1.06180488e+00  1.90000000e-05  1.08699444e+00  1.90000000e-05  4.21313957e-06  1.90000000e-05  1.03493364e+00  1.90000000e-05  1.08848839e+00  1.90000000e-05  2.19024421e-06 
 2.00000000e-05  1.70566664e+00  2.00000000e-05  9.57351181e-01  2.00000000e-05  8.06547299e-01  2.00000000e-05  2.50000003e-05  2.00000000e-05  9.39983605e-01  2.00000000e-05  8.11761856e-01  2.00000000e-05  2.00000148e-05  2.00000000e-05  1.64996900e+00  2.00000000e-05  6.87518468e-01  2.00000000e-05  1.16163625e-04  2.00000000e-05  1.64996911e+00  2.00000000e-05  6.87518426e-01  2.00000000e-05  1.15708119e-04  2.00000000e-05  1.64996923e+00  2.00000000e-05  6.87518385e-01  2.00000000e-05  1.15268515e-04  2.00000000e-05  1.06195371e+00  2.00000000e-05  1.08713296e+00  2.00000000e-05  4.21353843e-06  2.00000000e-05  1.03508142e+00  2.00000000e-05  1.08862715e+00  2.00000000e-05  2.19029641e-06 
 2.10000000e-05  1.70567567e+00  2.10000000e-05  9.57350799e-01  2.10000000e-05  8.06546920e-01  2.10000000e-05  2.50000003e-05  2.10000000e-05  9.43645499e-01  2.10000000e-05  8.10665248e-01  2.10000000e-05  2.10000121e-05  2.10000000e-05  1.64996900e+00  2.10000000e-05  6.87518468e-01  2.10000000e-05  1.16163253e-04  2.10000000e-05  1.64996912e+00  2.10000000e-05  6.87518423e-01  2.10000000e-05  1.15681472e-04  2.10000000e-05  1.64996923e+00  2.10000000e-05  6.87518385e-01  2.10000000e-05  1.15268175e-04  2.10000000e-05  1.06210257e+00  2.10000000e-05  1.08727150e+00  2.10000000e-05  4.21393793e-06  2.10000000e-05  1.03522924e+00  2.10000000e-05  1.08876594e+00  2.10000000e-05  2.19034814e-06 
 2.20000000e-05  1.70568473e+00  2.20000000e-05  9.57350417e-01  2.20000000e-05  8.06546542e-01  2.20000000e-05  2.50000003e-05  2.20000000e-05  9.47205244e-01  2.20000000e-05  8.09597506e-01  2.20000000e-05  2.20000099e-05  2.20000000e-05  1.64996900e+00  2.20000000e-05  6.87518468e-01  2.20000000e-05  1.16162883e-04  2.20000000e-05  1.64996913e+00  2.20000000e-05  6.87518421e-01  2.20000000e-05  1.15654872e-04  2.20000000e-05  1.64996923e+00  2.20000000e-05  6.87518385e-01  2.20000000e-05  1.15267836e-04  2.20000000e-05  1.06225147e+00  2.20000000e-05  1.08741007e+00  2.20000000e-05  4.21433805e-06  2.20000000e-05  1.03537709e+00  2.20000000e-05  1.08890475e+00  2.20000000e-05  2.19039939e-06 
 2.30000000e-05  1.70569382e+00  2.30000000e-05  9.57350038e-01  2.30000000e-05  8.06546166e-01  2.30000000e-05  2.50000003e-05  2.30000000e-05  9.50671098e-01  2.30000000e-05  8.08556286e-01  2.30000000e-05  2.30000082e-05  2.30000000e-05  1.64996900e+00  2.30000000e-05  6.87518468e-01  2.30000000e-05  1.16162515e-04  2.30000000e-05  1.64996914e+00  2.30000000e-05  6.87518418e-01  2.30000000e-05  1.15628322e-04  2.30000000e-05  1.64996923e+00  2.30000000e-05  6.87518385e-01  2.30000000e-05  1.15267498e-04  2.30000000e-05  1.06240039e+00  2.30000000e-05  1.08754867e+00  2.30000000e-05  4.21473879e-06  2.30000000e-05  1.03552496e+00  2.30000000e-05  1.08904358e+00  2.30000000e-05  2.19045015e-06 
 2.40000000e-05  1.70570294e+00  2.40000000e-05  9.57349659e-01  2.40000000e-05  8.06545791e-01  2.40000000e-05  2.50000003e-05  2.40000000e-05  9.54050312e-01  2.40000000e-05  8.07539529e-01  2.40000000e-05  2.40000068e-05  2.40000000e-05  1.64996901e+00  2.40000000e-05  6.87518468e-01  2.40000000e-05  1.16162147e-04  2.40000000e-05  1.64996915e+00  2.40000000e-05  6.87518416e-01  2.40000000e-05  1.15601821e-04  2.40000000e-05  1.64996923e+00  2.40000000e-05  6.87518385e-01  2.40000000e-05  1.15267162e-04  2.40000000e-05  1.06254935e+00  2.40000000e-05  1.08768728e+00  2.40000000e-05  4.21514015e-06  2.40000000e-05  1.03567287e+00  2.40000000e-05  1.08918244e+00  2.40000000e-05  2.19050043e-06 
 2.50000000e-05  1.70571209e+00  2.50000000e-05  9.57349281e-01  2.50000000e-05  8.06545417e-01  2.50000000e-05  2.50000003e-05  2.50000000e-05  9.57349299e-01  2.50000000e-05  8.06545412e-01  2.50000000e-05  2.50000057e-05  2.50000000e-05  1.64996901e+00  2.50000000e-05  6.87518468e-01  2.50000000e-05  1.16161781e-04  2.50000000e-05  1.64996916e+00  2.50000000e-05  6.87518413e-01  2.50000000e-05  1.15575370e-04  2.50000000e-05  1.64996923e+00  2.50000000e-05  6.87518385e-01  2.50000000e-05  1.15266827e-04  2.50000000e-05  1.06269832e+00  2.50000000e-05  1.08782591e+00  2.50000000e-05  4.21554211e-06  2.50000000e-05  1.03582079e+00  2.50000000e-05  1.08932130e+00  2.50000000e-05  2.19055020e-06 
 2.60000000e-05  1.70572126e+00  2.60000000e-05  9.57348905e-01  2.60000000e-05  8.06545044e-01  2.60000000e-05  2.50000003e-05  2.60000000e-05  9.60573751e-01  2.60000000e-05  8.05572317e-01  2.60000000e-05  2.60000048e-05  2.60000000e-05  1.64996901e+00  2.60000000e-05  6.87518468e-01  2.60000000e-05  1.16161416e-04  2.60000000e-05  1.64996916e+00  2.60000000e-05  6.87518411e-01  2.60000000e-05  1.15548969e-04  2.60000000e-05  1.64996923e+00  2.60000000e-05  6.87518385e-01  2.60000000e-05  1.15266493e-04  2.60000000e-05  1.06284731e+00  2.60000000e-05  1.08796454e+00  2.60000000e-05  4.21594468e-06  2.60000000e-05  1.03596872e+00  2.60000000e-05  1.08946018e+00  2.60000000e-05  2.19059948e-06 
 2.70000000e-05  1.70573046e+00  2.70000000e-05  9.57348530e-01  2.70000000e-05  8.06544673e-01  2.70000000e-05  2.50000003e-05  2.70000000e-05  9.63728752e-01  2.70000000e-05  8.04618800e-01  2.70000000e-05  2.70000040e-05  2.70000000e-05  1.64996901e+00  2.70000000e-05  6.87518468e-01  2.70000000e-05  1.16161052e-04  2.70000000e-05  1.64996917e+00  2.70000000e-05  6.87518408e-01  2.70000000e-05  1.15522620e-04  2.70000000e-05  1.64996924e+00  2.70000000e-05  6.87518385e-01  2.70000000e-05  1.15266160e-04  2.70000000e-05  1.06299631e+00  2.70000000e-05  1.08810318e+00  2.70000000e-05  4.21634783e-06  2.70000000e-05  1.03611666e+00  2.70000000e-05  1.08959905e+00  2.70000000e-05  2.19064824e-06 
 2.80000000e-05  1.70573969e+00  2.80000000e-05  9.57348156e-01  2.80000000e-05  8.06544302e-01  2.80000000e-05  2.50000003e-05  2.80000000e-05  9.66818857e-01  2.80000000e-05  8.03683565e-01  2.80000000e-05  2.80000034e-05  2.80000000e-05  1.64996901e+00  2.80000000e-05  6.87518468e-01  2.80000000e-05  1.16160689e-04  2.80000000e-05  1.64996918e+00  2.80000000e-05  6.87518406e-01  2.80000000e-05  1.15496323e-04  2.80000000e-05  1.64996924e+00  2.80000000e-05  6.87518385e-01  2.80000000e-05  1.15265828e-04  2.80000000e-05  1.06314532e+00  2.80000000e-05  1.08824181e+00  2.80000000e-05  4.21675156e-06  2.80000000e-05  1.03626461e+00  2.80000000e-05  1.08973793e+00  2.80000000e-05  2.19069647e-06 
 2.90000000e-05  1.70574895e+00  2.90000000e-05  9.57347783e-01  2.90000000e-05  8.06543933e-01  2.90000000e-05  2.50000003e-05  2.90000000e-05  9.69848171e-01  2.90000000e-05  8.02765444e-01  2.90000000e-05  2.90000028e-05  2.90000000e-05  1.64996901e+00  2.90000000e-05  6.87518468e-01  2.90000000e-05  1.16160328e-04  2.90000000e-05  1.64996919e+00  2.90000000e-05  6.87518404e-01  2.90000000e-05  1.15470078e-04  2.90000000e-05  1.64996924e+00  2.90000000e-05  6.87518385e-01  2.90000000e-05  1.15265497e-04  2.90000000e-05  1.06329433e+00  2.90000000e-05  1.08838044e+00  2.90000000e-05  4.21715586e-06  2.90000000e-05  1.03641256e+00  2.90000000e-05  1.08987680e+00  2.90000000e-05  2.19074419e-06 
 3.00000000e-05  1.70575823e+00  3.00000000e-05  9.57347412e-01  3.00000000e-05  8.06543565e-01  3.00000000e-05  2.50000003e-05  3.00000000e-05  9.72820399e-01  3.00000000e-05  8.01863384e-01  3.00000000e-05  3.00000024e-05  3.00000000e-05  1.64996902e+00  3.00000000e-05  6.87518468e-01  3.00000000e-05  1.16159967e-04  3.00000000e-05  1.64996920e+00  3.00000000e-05  6.87518401e-01  3.00000000e-05  1.15443886e-04  3.00000000e-05  1.64996924e+00  3.00000000e-05  6.87518385e-01  3.00000000e-05  1.15265168e-04  3.00000000e-05  1.06344334e+00  3.00000000e-05  1.08851907e+00  3.00000000e-05  4.21756074e-06  3.00000000e-05  1.03656050e+00  3.00000000e-05  1.09001566e+00  3.00000000e-05  2.19079137e-06 
 3.10000000e-05  1.70576754e+00  3.10000000e-05  9.57347041e-01  3.10000000e-05  8.06543198e-01  3.10000000e-05  2.50000003e-05  3.10000000e-05  9.75738904e-01  3.10000000e-05  8.00976427e-01  3.10000000e-05  3.10000020e-05  3.10000000e-05  1.64996902e+00  3.10000000e-05  6.87518468e-01  3.10000000e-05  1.16159608e-04  3.10000000e-05  1.64996921e+00  3.10000000e-05  6.87518399e-01  3.10000000e-05  1.15417748e-04  3.10000000e-05  1.64996924e+00  3.10000000e-05  6.87518385e-01  3.10000000e-05  1.15264839e-04  3.10000000e-05  1.06359234e+00  3.10000000e-05  1.08865767e+00  3.10000000e-05  4.21796617e-06  3.10000000e-05  1.03670843e+00  3.10000000e-05  1.09015451e+00  3.10000000e-05  2.19083801e-06 
 3.20000000e-05  1.70577689e+00  3.20000000e-05  9.57346672e-01  3.20000000e-05  8.06542832e-01  3.20000000e-05  2.50000003e-05  3.20000000e-05  9.78606745e-01  3.20000000e-05  8.00103702e-01  3.20000000e-05  3.20000017e-05  3.20000000e-05  1.64996902e+00  3.20000000e-05  6.87518468e-01  3.20000000e-05  1.16159250e-04  3.20000000e-05  1.64996921e+00  3.20000000e-05  6.87518396e-01  3.20000000e-05  1.15391663e-04  3.20000000e-05  1.64996925e+00  3.20000000e-05  6.87518385e-01  3.20000000e-05  1.15264512e-04  3.20000000e-05  1.06374132e+00  3.20000000e-05  1.08879626e+00  3.20000000e-05  4.21837215e-06  3.20000000e-05  1.03685634e+00  3.20000000e-05  1.09029334e+00  3.20000000e-05  2.19088410e-06 
 3.30000000e-05  1.70578625e+00  3.30000000e-05  9.57346303e-01  3.30000000e-05  8.06542467e-01  3.30000000e-05  2.50000003e-05  3.30000000e-05  9.81426716e-01  3.30000000e-05  7.99244414e-01  3.30000000e-05  3.30000014e-05  3.30000000e-05  1.64996902e+00  3.30000000e-05  6.87518468e-01  3.30000000e-05  1.16158893e-04  3.30000000e-05  1.64996922e+00  3.30000000e-05  6.87518394e-01  3.30000000e-05  1.15365633e-04  3.30000000e-05  1.64996925e+00  3.30000000e-05  6.87518384e-01  3.30000000e-05  1.15264185e-04  3.30000000e-05  1.06389029e+00  3.30000000e-05  1.08893482e+00  3.30000000e-05  4.21877867e-06  3.30000000e-05  1.03700424e+00  3.30000000e-05  1.09043215e+00  3.30000000e-05  2.19092963e-06 
 3.40000000e-05  1.70579565e+00  3.40000000e-05  9.57345936e-01  3.40000000e-05  8.06542103e-01  3.40000000e-05  2.50000003e-05  3.40000000e-05  9.84201372e-01  3.40000000e-05  7.98397836e-01  3.40000000e-05  3.40000012e-05  3.40000000e-05  1.64996902e+00  3.40000000e-05  6.87518468e-01  3.40000000e-05  1.16158537e-04  3.40000000e-05  1.64996923e+00  3.40000000e-05  6.87518391e-01  3.40000000e-05  1.15339658e-04  3.40000000e-05  1.64996925e+00  3.40000000e-05  6.87518384e-01  3.40000000e-05  1.15263860e-04  3.40000000e-05  1.06403923e+00  3.40000000e-05  1.08907336e+00  3.40000000e-05  4.21918573e-06  3.40000000e-05  1.03715211e+00  3.40000000e-05  1.09057092e+00  3.40000000e-05  2.19097461e-06 
 3.50000000e-05  1.70580508e+00  3.50000000e-05  9.57345570e-01  3.50000000e-05  8.06541741e-01  3.50000000e-05  2.50000003e-05  3.50000000e-05  9.86933059e-01  3.50000000e-05  7.97563299e-01  3.50000000e-05  3.50000010e-05  3.50000000e-05  1.64996903e+00  3.50000000e-05  6.87518468e-01  3.50000000e-05  1.16158183e-04  3.50000000e-05  1.64996924e+00  3.50000000e-05  6.87518389e-01  3.50000000e-05  1.15313739e-04  3.50000000e-05  1.64996925e+00  3.50000000e-05  6.87518384e-01  3.50000000e-05  1.15263536e-04  3.50000000e-05  1.06418815e+00  3.50000000e-05  1.08921187e+00  3.50000000e-05  4.21959333e-06  3.50000000e-05  1.03729995e+00  3.50000000e-05  1.09070967e+00  3.50000000e-05  2.19101901e-06 
 3.60000000e-05  1.70581453e+00  3.60000000e-05  9.57345205e-01  3.60000000e-05  8.06541379e-01  3.60000000e-05  2.50000003e-05  3.60000000e-05  9.89623937e-01  3.60000000e-05  7.96740189e-01  3.60000000e-05  3.60000008e-05  3.60000000e-05  1.64996903e+00  3.60000000e-05  6.87518467e-01  3.60000000e-05  1.16157829e-04  3.60000000e-05  1.64996925e+00  3.60000000e-05  6.87518387e-01  3.60000000e-05  1.15287876e-04  3.60000000e-05  1.64996925e+00  3.60000000e-05  6.87518384e-01  3.60000000e-05  1.15263212e-04  3.60000000e-05  1.06433704e+00  3.60000000e-05  1.08935033e+00  3.60000000e-05  4.22000144e-06  3.60000000e-05  1.03744776e+00  3.60000000e-05  1.09084838e+00  3.60000000e-05  2.19106284e-06 
 3.70000000e-05  1.70582401e+00  3.70000000e-05  9.57344841e-01  3.70000000e-05  8.06541019e-01  3.70000000e-05  2.50000003e-05  3.70000000e-05  9.92275998e-01  3.70000000e-05  7.95927937e-01  3.70000000e-05  3.70000007e-05  3.70000000e-05  1.64996903e+00  3.70000000e-05  6.87518467e-01  3.70000000e-05  1.16157477e-04  3.70000000e-05  1.64996925e+00  3.70000000e-05  6.87518384e-01  3.70000000e-05  1.15262069e-04  3.70000000e-05  1.64996925e+00  3.70000000e-05  6.87518384e-01  3.70000000e-05  1.15262890e-04  3.70000000e-05  1.06448589e+00  3.70000000e-05  1.08948876e+00  3.70000000e-05  4.22041005e-06  3.70000000e-05  1.03759553e+00  3.70000000e-05  1.09098704e+00  3.70000000e-05  2.19110609e-06 
 3.80000000e-05  1.70583351e+00  3.80000000e-05  9.57344478e-01  3.80000000e-05  8.06540659e-01  3.80000000e-05  2.50000003e-05  3.80000000e-05  9.94891084e-01  3.80000000e-05  7.95126019e-01  3.80000000e-05  3.80000006e-05  3.80000000e-05  1.64996903e+00  3.80000000e-05  6.87518467e-01  3.80000000e-05  1.16157125e-04  3.80000000e-05  1.64996926e+00  3.80000000e-05  6.87518382e-01  3.80000000e-05  1.15236320e-04  3.80000000e-05  1.64996926e+00  3.80000000e-05  6.87518384e-01  3.80000000e-05  1.15262569e-04  3.80000000e-05  1.06463469e+00  3.80000000e-05  1.08962714e+00  3.80000000e-05  4.22081918e-06  3.80000000e-05  1.03774325e+00  3.80000000e-05  1.09112566e+00  3.80000000e-05  2.19114874e-06 
 3.90000000e-05  1.70584305e+00  3.90000000e-05  9.57344116e-01  3.90000000e-05  8.06540301e-01  3.90000000e-05  2.50000003e-05  3.90000000e-05  9.97470900e-01  3.90000000e-05  7.94333948e-01  3.90000000e-05  3.90000005e-05  3.90000000e-05  1.64996903e+00  3.90000000e-05  6.87518467e-01  3.90000000e-05  1.16156775e-04  3.90000000e-05  1.64996927e+00  3.90000000e-05  6.87518379e-01  3.90000000e-05  1.15210629e-04  3.90000000e-05  1.64996926e+00  3.90000000e-05  6.87518384e-01  3.90000000e-05  1.15262249e-04  3.90000000e-05  1.06478345e+00  3.90000000e-05  1.08976547e+00  3.90000000e-05  4.22122880e-06  3.90000000e-05  1.03789093e+00  3.90000000e-05  1.09126423e+00  3.90000000e-05  2.19119080e-06 
 4.00000000e-05  1.70585261e+00  4.00000000e-05  9.57343755e-01  4.00000000e-05  8.06539943e-01  4.00000000e-05  2.50000003e-05  4.00000000e-05  1.00001703e+00  4.00000000e-05  7.93551274e-01  4.00000000e-05  4.00000004e-05  4.00000000e-05  1.64996903e+00  4.00000000e-05  6.87518467e-01  4.00000000e-05  1.16156425e-04  4.00000000e-05  1.64996928e+00  4.00000000e-05  6.87518377e-01  4.00000000e-05  1.15184995e-04  4.00000000e-05  1.64996926e+00  4.00000000e-05  6.87518384e-01  4.00000000e-05  1.15261929e-04  4.00000000e-05  1.06493216e+00  4.00000000e-05  1.08990374e+00  4.00000000e-05  4.22163892e-06  4.00000000e-05  1.03803855e+00  4.00000000e-05  1.09140275e+00  4.00000000e-05  2.19123225e-06 
 4.10000000e-05  1.70586220e+00  4.10000000e-05  9.57343396e-01  4.10000000e-05  8.06539587e-01  4.10000000e-05  2.50000003e-05  4.10000000e-05  1.00253095e+00  4.10000000e-05  7.92777576e-01  4.10000000e-05  4.10000003e-05  4.10000000e-05  1.64996904e+00  4.10000000e-05  6.87518467e-01  4.10000000e-05  1.16156077e-04  4.10000000e-05  1.64996929e+00  4.10000000e-05  6.87518375e-01  4.10000000e-05  1.15159421e-04  4.10000000e-05  1.64996926e+00  4.10000000e-05  6.87518384e-01  4.10000000e-05  1.15261611e-04  4.10000000e-05  1.06508081e+00  4.10000000e-05  1.09004196e+00  4.10000000e-05  4.22204951e-06  4.10000000e-05  1.03818612e+00  4.10000000e-05  1.09154120e+00  4.10000000e-05  2.19127310e-06 
 4.20000000e-05  1.70587182e+00  4.20000000e-05  9.57343037e-01  4.20000000e-05  8.06539232e-01  4.20000000e-05  2.50000003e-05  4.20000000e-05  1.00501404e+00  4.20000000e-05  7.92012462e-01  4.20000000e-05  4.20000002e-05  4.20000000e-05  1.64996904e+00  4.20000000e-05  6.87518467e-01  4.20000000e-05  1.16155730e-04  4.20000000e-05  1.64996929e+00  4.20000000e-05  6.87518372e-01  4.20000000e-05  1.15133905e-04  4.20000000e-05  1.64996926e+00  4.20000000e-05  6.87518384e-01  4.20000000e-05  1.15261294e-04  4.20000000e-05  1.06522941e+00  4.20000000e-05  1.09018011e+00  4.20000000e-05  4.22246058e-06  4.20000000e-05  1.03833362e+00  4.20000000e-05  1.09167959e+00  4.20000000e-05  2.19131332e-06 
 4.30000000e-05  1.70588147e+00  4.30000000e-05  9.57342679e-01  4.30000000e-05  8.06538877e-01  4.30000000e-05  2.50000003e-05  4.30000000e-05  1.00746757e+00  4.30000000e-05  7.91255566e-01  4.30000000e-05  4.30000001e-05  4.30000000e-05  1.64996904e+00  4.30000000e-05  6.87518467e-01  4.30000000e-05  1.16155383e-04  4.30000000e-05  1.64996930e+00  4.30000000e-05  6.87518370e-01  4.30000000e-05  1.15108450e-04  4.30000000e-05  1.64996926e+00  4.30000000e-05  6.87518384e-01  4.30000000e-05  1.15260977e-04  4.30000000e-05  1.06537793e+00  4.30000000e-05  1.09031819e+00  4.30000000e-05  4.22287210e-06  4.30000000e-05  1.03848105e+00  4.30000000e-05  1.09181791e+00  4.30000000e-05  2.19135292e-06 
 4.40000000e-05  1.70589114e+00  4.40000000e-05  9.57342322e-01  4.40000000e-05  8.06538524e-01  4.40000000e-05  2.50000003e-05  4.40000000e-05  1.00989275e+00  4.40000000e-05  7.90506547e-01  4.40000000e-05  4.40000001e-05  4.40000000e-05  1.64996904e+00  4.40000000e-05  6.87518467e-01  4.40000000e-05  1.16155038e-04  4.40000000e-05  1.64996931e+00  4.40000000e-05  6.87518368e-01  4.40000000e-05  1.15083055e-04  4.40000000e-05  1.64996927e+00  4.40000000e-05  6.87518384e-01  4.40000000e-05  1.15260662e-04  4.40000000e-05  1.06552639e+00  4.40000000e-05  1.09045620e+00  4.40000000e-05  4.22328409e-06  4.40000000e-05  1.03862841e+00  4.40000000e-05  1.09195615e+00  4.40000000e-05  2.19139189e-06 
 4.50000000e-05  1.70590084e+00  4.50000000e-05  9.57341966e-01  4.50000000e-05  8.06538171e-01  4.50000000e-05  2.50000003e-05  4.50000000e-05  1.01229070e+00  4.50000000e-05  7.89765084e-01  4.50000000e-05  4.50000000e-05  4.50000000e-05  1.64996904e+00  4.50000000e-05  6.87518467e-01  4.50000000e-05  1.16154694e-04  4.50000000e-05  1.64996932e+00  4.50000000e-05  6.87518365e-01  4.50000000e-05  1.15057720e-04  4.50000000e-05  1.64996927e+00  4.50000000e-05  6.87518384e-01  4.50000000e-05  1.15260347e-04  4.50000000e-05  1.06567476e+00  4.50000000e-05  1.09059412e+00  4.50000000e-05  4.22369653e-06  4.50000000e-05  1.03877569e+00  4.50000000e-05  1.09209432e+00  4.50000000e-05  2.19143021e-06 
 4.60000000e-05  1.70591057e+00  4.60000000e-05  9.57341611e-01  4.60000000e-05  8.06537820e-01  4.60000000e-05  2.50000003e-05  4.60000000e-05  1.01466247e+00  4.60000000e-05  7.89030877e-01  4.60000000e-05  4.60000000e-05  4.60000000e-05  1.64996904e+00  4.60000000e-05  6.87518467e-01  4.60000000e-05  1.16154350e-04  4.60000000e-05  1.64996933e+00  4.60000000e-05  6.87518363e-01  4.60000000e-05  1.15032448e-04  4.60000000e-05  1.64996927e+00  4.60000000e-05  6.87518384e-01  4.60000000e-05  1.15260034e-04  4.60000000e-05  1.06582306e+00  4.60000000e-05  1.09073197e+00  4.60000000e-05  4.22410940e-06  4.60000000e-05  1.03892289e+00  4.60000000e-05  1.09223241e+00  4.60000000e-05  2.19146789e-06 
 4.70000000e-05  1.70592033e+00  4.70000000e-05  9.57341257e-01  4.70000000e-05  8.06537469e-01  4.70000000e-05  2.50000003e-05  4.70000000e-05  1.01700905e+00  4.70000000e-05  7.88303643e-01  4.70000000e-05  4.70000000e-05  4.70000000e-05  1.64996905e+00  4.70000000e-05  6.87518467e-01  4.70000000e-05  1.16154008e-04  4.70000000e-05  1.64996934e+00  4.70000000e-05  6.87518361e-01  4.70000000e-05  1.15007237e-04  4.70000000e-05  1.64996927e+00  4.70000000e-05  6.87518384e-01  4.70000000e-05  1.15259721e-04  4.70000000e-05  1.06597127e+00  4.70000000e-05  1.09086973e+00  4.70000000e-05  4.22452271e-06  4.70000000e-05  1.03907000e+00  4.70000000e-05  1.09237040e+00  4.70000000e-05  2.19150492e-06 
 4.80000000e-05  1.70593011e+00  4.80000000e-05  9.57340905e-01  4.80000000e-05  8.06537120e-01  4.80000000e-05  2.50000003e-05  4.80000000e-05  1.01933138e+00  4.80000000e-05  7.87583116e-01  4.80000000e-05  4.79999999e-05  4.80000000e-05  1.64996905e+00  4.80000000e-05  6.87518467e-01  4.80000000e-05  1.16153667e-04  4.80000000e-05  1.64996934e+00  4.80000000e-05  6.87518358e-01  4.80000000e-05  1.14982088e-04  4.80000000e-05  1.64996927e+00  4.80000000e-05  6.87518384e-01  4.80000000e-05  1.15259409e-04  4.80000000e-05  1.06611939e+00  4.80000000e-05  1.09100739e+00  4.80000000e-05  4.22493644e-06  4.80000000e-05  1.03921701e+00  4.80000000e-05  1.09250831e+00  4.80000000e-05  2.19154128e-06 
 4.90000000e-05  1.70593992e+00  4.90000000e-05  9.57340553e-01  4.90000000e-05  8.06536771e-01  4.90000000e-05  2.50000003e-05  4.90000000e-05  1.02163034e+00  4.90000000e-05  7.86869046e-01  4.90000000e-05  4.89999999e-05  4.90000000e-05  1.64996905e+00  4.90000000e-05  6.87518467e-01  4.90000000e-05  1.16153326e-04  4.90000000e-05  1.64996935e+00  4.90000000e-05  6.87518356e-01  4.90000000e-05  1.14957003e-04  4.90000000e-05  1.64996928e+00  4.90000000e-05  6.87518384e-01  4.90000000e-05  1.15259099e-04  4.90000000e-05  1.06626741e+00  4.90000000e-05  1.09114496e+00  4.90000000e-05  4.22535058e-06  4.90000000e-05  1.03936393e+00  4.90000000e-05  1.09264611e+00  4.90000000e-05  2.19157698e-06 
 5.00000000e-05  1.70594976e+00  5.00000000e-05  9.57340201e-01  5.00000000e-05  8.06536423e-01  5.00000000e-05  2.50000003e-05  5.00000000e-05  1.02390674e+00  5.00000000e-05  7.86161197e-01  5.00000000e-05  4.99999999e-05  5.00000000e-05  1.64996905e+00  5.00000000e-05  6.87518467e-01  5.00000000e-05  1.16152987e-04  5.00000000e-05  1.64996936e+00  5.00000000e-05  6.87518354e-01  5.00000000e-05  1.14931981e-04  5.00000000e-05  1.64996928e+00  5.00000000e-05  6.87518384e-01  5.00000000e-05  1.15258789e-04  5.00000000e-05  1.06641534e+00  5.00000000e-05  1.09128243e+00  5.00000000e-05  4.22576512e-06  5.00000000e-05  1.03951075e+00  5.00000000e-05  1.09278382e+00  5.00000000e-05  2.19161200e-06 
