 0.00000000e+00  1.65763882e+00 
 1.00000000e-06  1.65947617e+00 
 2.00000000e-06  1.66131541e+00 
 3.00000000e-06  1.66315523e+00 
 4.00000000e-06  1.66499472e+00 
 5.00000000e-06  1.66683297e+00 
 6.00000000e-06  1.66866909e+00 
 7.00000000e-06  1.67050214e+00 
 8.00000000e-06  1.67233120e+00 
 9.00000000e-06  1.67415536e+00 
 1.00000000e-05  1.67597369e+00 
 1.10000000e-05  1.67778527e+00 
 1.20000000e-05  1.67958918e+00 
 1.30000000e-05  1.68138450e+00 
 1.40000000e-05  1.68317032e+00 
 1.50000000e-05  1.68494575e+00 
 1.60000000e-05  1.68670988e+00 
 1.70000000e-05  1.68846184e+00 
 1.80000000e-05  1.69020075e+00 
 1.90000000e-05  1.69192576e+00 
 2.00000000e-05  1.69363601e+00 
 2.10000000e-05  1.69533070e+00 
 2.20000000e-05  1.69700900e+00 
 2.30000000e-05  1.69867014e+00 
 2.40000000e-05  1.70031333e+00 
 2.50000000e-05  1.70193785e+00 
 2.60000000e-05  1.70354296e+00 
 2.70000000e-05  1.70512798e+00 
 2.80000000e-05  1.70669223e+00 
 2.90000000e-05  1.70823507e+00 
 3.00000000e-05  1.70975590e+00 
 3.10000000e-05  1.71125413e+00 
 3.20000000e-05  1.71272922e+00 
 3.30000000e-05  1.71418064e+00 
 3.40000000e-05  1.71560791e+00 
 3.50000000e-05  1.71701059e+00 
 3.60000000e-05  1.71838826e+00 
 3.70000000e-05  1.71974054e+00 
 3.80000000e-05  1.72106709e+00 
 3.90000000e-05  1.72236759e+00 
 4.00000000e-05  1.72364179e+00 
 4.10000000e-05  1.72488944e+00 
 4.20000000e-05  1.72611035e+00 
 4.30000000e-05  1.72730436e+00 
 4.40000000e-05  1.72847135e+00 
 4.50000000e-05  1.72961123e+00 
 4.60000000e-05  1.73072394e+00 
 4.70000000e-05  1.73180948e+00 
 4.80000000e-05  1.73286786e+00 
 4.90000000e-05  1.73389913e+00 
 5.00000000e-05  1.73490339e+00 
 0.00000000e+00  1.70193785e+00 
 1.00000000e-06  1.70345415e+00 
 2.00000000e-06  1.70495371e+00 
 3.00000000e-06  1.70643591e+00 
 4.00000000e-06  1.70790019e+00 
 5.00000000e-06  1.70934598e+00 
 6.00000000e-06  1.71077274e+00 
 7.00000000e-06  1.71217996e+00 
 8.00000000e-06  1.71356713e+00 
 9.00000000e-06  1.71493380e+00 
 1.00000000e-05  1.71627952e+00 
 1.10000000e-05  1.71760388e+00 
 1.20000000e-05  1.71890647e+00 
 1.30000000e-05  1.72018695e+00 
 1.40000000e-05  1.72144498e+00 
 1.50000000e-05  1.72268025e+00 
 1.60000000e-05  1.72389248e+00 
 1.70000000e-05  1.72508142e+00 
 1.80000000e-05  1.72624686e+00 
 1.90000000e-05  1.72738861e+00 
 2.00000000e-05  1.72850651e+00 
 2.10000000e-05  1.72960042e+00 
 2.20000000e-05  1.73067025e+00 
 2.30000000e-05  1.73171592e+00 
 2.40000000e-05  1.73273740e+00 
 2.50000000e-05  1.73373467e+00 
 2.60000000e-05  1.73470775e+00 
 2.70000000e-05  1.73565667e+00 
 2.80000000e-05  1.73658152e+00 
 2.90000000e-05  1.73748238e+00 
 3.00000000e-05  1.73835939e+00 
 3.10000000e-05  1.73921269e+00 
 3.20000000e-05  1.74004244e+00 
 3.30000000e-05  1.74084886e+00 
 3.40000000e-05  1.74163216e+00 
 3.50000000e-05  1.74239259e+00 
 3.60000000e-05  1.74313039e+00 
 3.70000000e-05  1.74384586e+00 
 3.80000000e-05  1.74453929e+00 
 3.90000000e-05  1.74521100e+00 
 4.00000000e-05  1.74586133e+00 
 4.10000000e-05  1.74649062e+00 
 4.20000000e-05  1.74709924e+00 
 4.30000000e-05  1.74768756e+00 
 4.40000000e-05  1.74825597e+00 
 4.50000000e-05  1.74880486e+00 
 4.60000000e-05  1.74933464e+00 
 4.70000000e-05  1.74984573e+00 
 4.80000000e-05  1.75033855e+00 
 4.90000000e-05  1.75081353e+00 
 5.00000000e-05  1.75127110e+00 
 0.00000000e+00  1.73490339e+00 
 1.00000000e-06  1.73579333e+00 
 2.00000000e-06  1.73666261e+00 
 3.00000000e-06  1.73751126e+00 
 4.00000000e-06  1.73833935e+00 
 5.00000000e-06  1.73914694e+00 
 6.00000000e-06  1.73993415e+00 
 7.00000000e-06  1.74070108e+00 
 8.00000000e-06  1.74144787e+00 
 9.00000000e-06  1.74217468e+00 
 1.00000000e-05  1.74288168e+00 
 1.10000000e-05  1.74356905e+00 
 1.20000000e-05  1.74423701e+00 
 1.30000000e-05  1.74488576e+00 
 1.40000000e-05  1.74551556e+00 
 1.50000000e-05  1.74612663e+00 
 1.60000000e-05  1.74671926e+00 
 1.70000000e-05  1.74729370e+00 
 1.80000000e-05  1.74785025e+00 
 1.90000000e-05  1.74838921e+00 
 2.00000000e-05  1.74891087e+00 
 2.10000000e-05  1.74941555e+00 
 2.20000000e-05  1.74990359e+00 
 2.30000000e-05  1.75037530e+00 
 2.40000000e-05  1.75083102e+00 
 2.50000000e-05  1.75127110e+00 
 2.60000000e-05  1.75169588e+00 
 2.70000000e-05  1.75210572e+00 
 2.80000000e-05  1.75250096e+00 
 2.90000000e-05  1.75288198e+00 
 3.00000000e-05  1.75324912e+00 
 3.10000000e-05  1.75360274e+00 
 3.20000000e-05  1.75394322e+00 
 3.30000000e-05  1.75427090e+00 
 3.40000000e-05  1.75458614e+00 
 3.50000000e-05  1.75488932e+00 
 3.60000000e-05  1.75518077e+00 
 3.70000000e-05  1.75546086e+00 
 3.80000000e-05  1.75572994e+00 
 3.90000000e-05  1.75598834e+00 
 4.00000000e-05  1.75623643e+00 
 4.10000000e-05  1.75647453e+00 
 4.20000000e-05  1.75670298e+00 
 4.30000000e-05  1.75692210e+00 
 4.40000000e-05  1.75713223e+00 
 4.50000000e-05  1.75733368e+00 
 4.60000000e-05  1.75752676e+00 
 4.70000000e-05  1.75771177e+00 
 4.80000000e-05  1.75788902e+00 
 4.90000000e-05  1.75805880e+00 
 5.00000000e-05  1.75822139e+00 
