 1.00000000e+00  9.28642113e+00 -1.21842085e+02 
 1.12201845e+00  7.38523530e+00 -1.08721017e+02 
 1.25892541e+00  5.87184408e+00 -9.69893312e+01 
 1.41253754e+00  4.66767358e+00 -8.65068065e+01 
 1.58489319e+00  3.70987613e+00 -7.71453326e+01 
 1.77827941e+00  2.94825463e+00 -6.87884931e+01 
 1.99526231e+00  2.34276161e+00 -6.13309382e+01 
 2.23872114e+00  1.86147573e+00 -5.46776416e+01 
 2.51188643e+00  1.47897108e+00 -4.87431055e+01 
 2.81838293e+00  1.17500698e+00 -4.34505586e+01 
 3.16227766e+00  9.33477722e-01 -3.87311724e+01 
 3.54813389e+00  7.41572458e-01 -3.45233160e+01 
 3.98107171e+00  5.89104021e-01 -3.07718568e+01 
 4.46683592e+00  4.67973420e-01 -2.74275131e+01 
 5.01187234e+00  3.71742951e-01 -2.44462602e+01 
 5.62341325e+00  2.95296162e-01 -2.17887884e+01 
 6.30957344e+00  2.34567137e-01 -1.94200117e+01 
 7.07945784e+00  1.86325088e-01 -1.73086230e+01 
 7.94328235e+00  1.48003003e-01 -1.54266942e+01 
 8.91250938e+00  1.17561387e-01 -1.37493160e+01 
 1.00000000e+01  9.33799299e-02 -1.22542751e+01 
 1.12201845e+01  7.41713977e-02 -1.09217647e+01 
 1.25892541e+01  5.89131912e-02 -9.73412537e+00 
 1.41253754e+01  4.67929605e-02 -8.67561377e+00 
 1.58489319e+01  3.71653888e-02 -7.73219521e+00 
 1.77827941e+01  2.95178547e-02 -6.89135901e+00 
 1.99526231e+01  2.34431505e-02 -6.14195339e+00 
 2.23872114e+01  1.86178088e-02 -5.47403815e+00 
 2.51188643e+01  1.47848830e-02 -4.87875326e+00 
 2.81838293e+01  1.17402687e-02 -4.34820166e+00 
 3.16227766e+01  9.32183748e-03 -3.87534463e+00 
 3.54813389e+01  7.40080406e-03 -3.45390867e+00 
 3.98107171e+01  5.87486971e-03 -3.07830226e+00 
 4.46683592e+01  4.66277490e-03 -2.74354185e+00 
 5.01187234e+01  3.69997247e-03 -2.44518571e+00 
 5.62341325e+01  2.93519049e-03 -2.17927509e+00 
 6.30957344e+01  2.32770206e-03 -1.94228171e+00 
 7.07945784e+01  1.84520589e-03 -1.73106091e+00 
 7.94328235e+01  1.46189598e-03 -1.54281003e+00 
 8.91250938e+01  1.15742196e-03 -1.37503115e+00 
 1.00000000e+02  9.15569571e-04 -1.22549798e+00 
 1.12201845e+02  7.23459338e-04 -1.09222636e+00 
 1.25892541e+02  5.70860722e-04 -9.73447858e-01 
 1.41253754e+02  4.49647313e-04 -8.67586382e-01 
 1.58489319e+02  3.53373918e-04 -7.73237223e-01 
 1.77827941e+02  2.76891382e-04 -6.89148433e-01 
 1.99526231e+02  2.16139140e-04 -6.14204211e-01 
 2.23872114e+02  1.67886852e-04 -5.47410096e-01 
 2.51188643e+02  1.29557680e-04 -4.87879773e-01 
 2.81838293e+02  9.91109286e-05 -4.34823313e-01 
 3.16227766e+02  7.49255728e-05 -3.87536692e-01 
 3.54813389e+02  5.57139523e-05 -3.45392444e-01 
 3.98107171e+02  4.04547764e-05 -3.07831343e-01 
 4.46683592e+02  2.83333397e-05 -2.74354975e-01 
 5.01187234e+02  1.87049226e-05 -2.44519130e-01 
 5.62341325e+02  1.10574662e-05 -2.17927905e-01 
 6.30957344e+02  4.98285347e-06 -1.94228450e-01 
 7.07945784e+02  1.56977770e-07 -1.73106289e-01 
 7.94328235e+02 -3.67627103e-06 -1.54281143e-01 
 8.91250938e+02 -6.72087427e-06 -1.37503213e-01 
 1.00000000e+03 -9.13912288e-06 -1.22549868e-01 
 1.12201845e+03 -1.10602237e-05 -1.09222684e-01 
 1.25892541e+03 -1.25860716e-05 -9.73448196e-02 
 1.41253754e+03 -1.37983178e-05 -8.67586615e-02 
 1.58489319e+03 -1.47610979e-05 -7.73237381e-02 
 1.77827941e+03 -1.55258910e-05 -6.89148537e-02 
 1.99526231e+03 -1.61333376e-05 -6.14204276e-02 
 2.23872114e+03 -1.66158634e-05 -5.47410132e-02 
 2.51188643e+03 -1.69991967e-05 -4.87879787e-02 
 2.81838293e+03 -1.73036503e-05 -4.34823311e-02 
 3.16227766e+03 -1.75454939e-05 -3.87536676e-02 
 3.54813389e+03 -1.77376022e-05 -3.45392417e-02 
 3.98107171e+03 -1.78901956e-05 -3.07831306e-02 
 4.46683592e+03 -1.80114091e-05 -2.74354929e-02 
 5.01187234e+03 -1.81076900e-05 -2.44519076e-02 
 5.62341325e+03 -1.81841640e-05 -2.17927841e-02 
 6.30957344e+03 -1.82449192e-05 -1.94228377e-02 
 7.07945784e+03 -1.82931720e-05 -1.73106206e-02 
 7.94328235e+03 -1.83314987e-05 -1.54281049e-02 
 8.91250938e+03 -1.83619477e-05 -1.37503107e-02 
 1.00000000e+04 -1.83861316e-05 -1.22549748e-02 
 1.12201845e+04 -1.84053422e-05 -1.09222550e-02 
 1.25892541e+04 -1.84206023e-05 -9.73446688e-03 
 1.41253754e+04 -1.84327220e-05 -8.67584921e-03 
 1.58489319e+04 -1.84423502e-05 -7.73235480e-03 
 1.77827941e+04 -1.84499973e-05 -6.89146403e-03 
 1.99526231e+04 -1.84560719e-05 -6.14201880e-03 
 2.23872114e+04 -1.84608962e-05 -5.47407443e-03 
 2.51188643e+04 -1.84647283e-05 -4.87876771e-03 
 2.81838293e+04 -1.84677718e-05 -4.34819926e-03 
 3.16227766e+04 -1.84701892e-05 -3.87532878e-03 
 3.54813389e+04 -1.84721085e-05 -3.45388156e-03 
 3.98107171e+04 -1.84736323e-05 -3.07826524e-03 
 4.46683592e+04 -1.84748417e-05 -2.74349564e-03 
 5.01187234e+04 -1.84758012e-05 -2.44513056e-03 
 5.62341325e+04 -1.84765617e-05 -2.17921087e-03 
 6.30957344e+04 -1.84771637e-05 -1.94220799e-03 
 7.07945784e+04 -1.84776396e-05 -1.73097703e-03 
 7.94328235e+04 -1.84780144e-05 -1.54271508e-03 
 8.91250938e+04 -1.84783081e-05 -1.37492402e-03 
 1.00000000e+05 -1.84785365e-05 -1.22537737e-03 
 1.12201845e+05 -1.84787116e-05 -1.09209073e-03 
 1.25892541e+05 -1.84788428e-05 -9.73295475e-04 
 1.41253754e+05 -1.84789371e-05 -8.67415256e-04 
 1.58489319e+05 -1.84789995e-05 -7.73045111e-04 
 1.77827941e+05 -1.84790334e-05 -6.88932803e-04 
 1.99526231e+05 -1.84790404e-05 -6.13962213e-04 
 2.23872114e+05 -1.84790211e-05 -5.47138528e-04 
 2.51188643e+05 -1.84789743e-05 -4.87575035e-04 
 2.81838293e+05 -1.84788975e-05 -4.34481363e-04 
 3.16227766e+05 -1.84787868e-05 -3.87152989e-04 
 3.54813389e+05 -1.84786360e-05 -3.44961893e-04 
 3.98107171e+05 -1.84784373e-05 -3.07348221e-04 
 4.46683592e+05 -1.84781799e-05 -2.73812858e-04 
 5.01187234e+05 -1.84778500e-05 -2.43910804e-04 
 5.62341325e+05 -1.84774300e-05 -2.17245268e-04 
 6.30957344e+05 -1.84768974e-05 -1.93462403e-04 
 7.07945784e+05 -1.84762233e-05 -1.72246606e-04 
 7.94328235e+05 -1.84753714e-05 -1.53316332e-04 
 8.91250938e+05 -1.84742956e-05 -1.36420353e-04 
 1.00000000e+06 -1.84729372e-05 -1.21334420e-04 
 1.12201845e+06 -1.84712220e-05 -1.07858283e-04 
 1.25892541e+06 -1.84690553e-05 -9.58130225e-05 
 1.41253754e+06 -1.84663167e-05 -8.50386663e-05 
 1.58489319e+06 -1.84628523e-05 -7.53920487e-05 
 1.77827941e+06 -1.84584647e-05 -6.67448875e-05 
 1.99526231e+06 -1.84529002e-05 -5.89820478e-05 
 2.23872114e+06 -1.84458301e-05 -5.19999673e-05 
 2.51188643e+06 -1.84368268e-05 -4.57052152e-05 
 2.81838293e+06 -1.84253299e-05 -4.00131579e-05 
 3.16227766e+06 -1.84105984e-05 -3.48467022e-05 
 3.54813389e+06 -1.83916433e-05 -3.01350835e-05 
 3.98107171e+06 -1.83671300e-05 -2.58126598e-05 
 4.46683592e+06 -1.83352358e-05 -2.18176630e-05 
 5.01187234e+06 -1.82934385e-05 -1.80908441e-05 
 5.62341325e+06 -1.82381988e-05 -1.45739314e-05 
 6.30957344e+06 -1.81644777e-05 -1.12077862e-05 
 7.07945784e+06 -1.80649944e-05 -7.93010286e-06 
 7.94328235e+06 -1.79290724e-05 -4.67243761e-06 
 8.91250938e+06 -1.77408274e-05 -1.35626702e-06 
 1.00000000e+07 -1.74762915e-05  2.11233801e-06 
 1.12201845e+07 -1.70988061e-05  5.84999215e-06 
 1.25892541e+07 -1.65515701e-05  1.00059976e-05 
 1.41253754e+07 -1.57454713e-05  1.47760618e-05 
 1.58489319e+07 -1.45390426e-05  2.04209170e-05 
 1.77827941e+07 -1.27051753e-05  2.72910134e-05 
 1.99526231e+07 -9.87549015e-06  3.58577309e-05 
 2.23872114e+07 -5.44704967e-06  4.67490105e-05 
 2.51188643e+07  1.57381182e-06  6.07802256e-05 
 2.81838293e+07  1.28301864e-05  7.89536931e-05 
 3.16227766e+07  3.10320009e-05  1.02360271e-04 
 3.54813389e+07  6.05924913e-05  1.31831640e-04 
 3.98107171e+07  1.08485239e-04  1.67030432e-04 
 4.46683592e+07  1.85063367e-04  2.04420658e-04 
 5.01187234e+07  3.03840751e-04  2.33404786e-04 
 5.62341325e+07  4.77761017e-04  2.30606195e-04 
 6.30957344e+07  7.08222872e-04  1.55519679e-04 
 7.07945784e+07  9.66714062e-04 -4.30015423e-05 
 7.94328235e+07  1.18286953e-03 -3.99598970e-04 
 8.91250938e+07  1.26330144e-03 -8.96883619e-04 
 1.00000000e+08  1.13825308e-03 -1.45954118e-03 
 1.12201845e+08  7.92287484e-04 -1.98914514e-03 
 1.25892541e+08  2.55810243e-04 -2.40141234e-03 
 1.41253754e+08 -4.18163755e-04 -2.63799461e-03 
 1.58489319e+08 -1.16762911e-03 -2.66218211e-03 
 1.77827941e+08 -1.92469922e-03 -2.45471778e-03 
 1.99526231e+08 -2.61620791e-03 -2.01480479e-03 
 2.23872114e+08 -3.16707149e-03 -1.36413791e-03 
 2.51188643e+08 -3.50774753e-03 -5.50345384e-04 
 2.81838293e+08 -3.58482873e-03  3.53063851e-04 
 3.16227766e+08 -3.37262387e-03  1.25210920e-03 
 3.54813389e+08 -2.88278465e-03  2.04388547e-03 
 3.98107171e+08 -2.16835320e-03  2.63354488e-03 
 4.46683592e+08 -1.31859275e-03  2.95352805e-03 
 5.01187234e+08 -4.43283270e-04  2.97885090e-03 
 5.62341325e+08  3.49560978e-04  2.73181396e-03 
 6.30957344e+08  9.74424876e-04  2.27436258e-03 
 7.07945784e+08  1.38129914e-03  1.69249641e-03 
 7.94328235e+08  1.55983884e-03  1.07828453e-03 
 8.91250938e+08  1.53565309e-03  5.12997600e-04 
 1.00000000e+09  1.35991861e-03  5.42711462e-05 
