 2.10000000e+00  1.49665137e+00 
 2.10200000e+00  1.49684853e+00 
 2.10400000e+00  1.49705613e+00 
 2.10600000e+00  1.49727464e+00 
 2.10800000e+00  1.49750459e+00 
 2.11000000e+00  1.49774650e+00 
 2.11200000e+00  1.49800092e+00 
 2.11400000e+00  1.49826841e+00 
 2.11600000e+00  1.49854955e+00 
 2.11800000e+00  1.49884496e+00 
 2.12000000e+00  1.49915525e+00 
 2.12200000e+00  1.49948106e+00 
 2.12400000e+00  1.49982305e+00 
 2.12600000e+00  1.50018190e+00 
 2.12800000e+00  1.50055831e+00 
 2.13000000e+00  1.50095299e+00 
 2.13200000e+00  1.50136667e+00 
 2.13400000e+00  1.50180011e+00 
 2.13600000e+00  1.50225407e+00 
 2.13800000e+00  1.50272934e+00 
 2.14000000e+00  1.50322670e+00 
 2.14200000e+00  1.50374699e+00 
 2.14400000e+00  1.50429102e+00 
 2.14600000e+00  1.50485964e+00 
 2.14800000e+00  1.50545371e+00 
 2.15000000e+00  1.50607407e+00 
 2.15200000e+00  1.50672162e+00 
 2.15400000e+00  1.50739722e+00 
 2.15600000e+00  1.50810178e+00 
 2.15800000e+00  1.50883618e+00 
 2.16000000e+00  1.50960133e+00 
 2.16200000e+00  1.51039812e+00 
 2.16400000e+00  1.51122746e+00 
 2.16600000e+00  1.51209024e+00 
 2.16800000e+00  1.51298735e+00 
 2.17000000e+00  1.51391970e+00 
 2.17200000e+00  1.51488816e+00 
 2.17400000e+00  1.51589359e+00 
 2.17600000e+00  1.51693687e+00 
 2.17800000e+00  1.51801882e+00 
 2.18000000e+00  1.51914028e+00 
 2.18200000e+00  1.52030206e+00 
 2.18400000e+00  1.52150493e+00 
 2.18600000e+00  1.52274965e+00 
 2.18800000e+00  1.52403695e+00 
 2.19000000e+00  1.52536753e+00 
 2.19200000e+00  1.52674206e+00 
 2.19400000e+00  1.52816117e+00 
 2.19600000e+00  1.52962544e+00 
 2.19800000e+00  1.53113543e+00 
 2.20000000e+00  1.53269165e+00 
 2.20200000e+00  1.53429455e+00 
 2.20400000e+00  1.53594455e+00 
 2.20600000e+00  1.53764200e+00 
 2.20800000e+00  1.53938723e+00 
 2.21000000e+00  1.54118047e+00 
 2.21200000e+00  1.54302192e+00 
 2.21400000e+00  1.54491172e+00 
 2.21600000e+00  1.54684994e+00 
 2.21800000e+00  1.54883659e+00 
 2.22000000e+00  1.55087162e+00 
 2.22200000e+00  1.55295490e+00 
 2.22400000e+00  1.55508625e+00 
 2.22600000e+00  1.55726542e+00 
 2.22800000e+00  1.55949208e+00 
 2.23000000e+00  1.56176583e+00 
 2.23200000e+00  1.56408620e+00 
 2.23400000e+00  1.56645267e+00 
 2.23600000e+00  1.56886462e+00 
 2.23800000e+00  1.57132138e+00 
 2.24000000e+00  1.57382219e+00 
 2.24200000e+00  1.57636623e+00 
 2.24400000e+00  1.57895262e+00 
 2.24600000e+00  1.58158040e+00 
 2.24800000e+00  1.58424853e+00 
 2.25000000e+00  1.58695593e+00 
 2.25200000e+00  1.58970144e+00 
 2.25400000e+00  1.59248383e+00 
 2.25600000e+00  1.59530182e+00 
 2.25800000e+00  1.59815406e+00 
 2.26000000e+00  1.60103914e+00 
 2.26200000e+00  1.60395561e+00 
 2.26400000e+00  1.60690194e+00 
 2.26600000e+00  1.60987657e+00 
 2.26800000e+00  1.61287788e+00 
 2.27000000e+00  1.61590421e+00 
 2.27200000e+00  1.61895385e+00 
 2.27400000e+00  1.62202505e+00 
 2.27600000e+00  1.62511601e+00 
 2.27800000e+00  1.62822493e+00 
 2.28000000e+00  1.63134994e+00 
 2.28200000e+00  1.63448916e+00 
 2.28400000e+00  1.63764068e+00 
 2.28600000e+00  1.64080257e+00 
 2.28800000e+00  1.64397287e+00 
 2.29000000e+00  1.64714963e+00 
 2.29200000e+00  1.65033087e+00 
 2.29400000e+00  1.65351459e+00 
 2.29600000e+00  1.65669880e+00 
 2.29800000e+00  1.65988152e+00 
 2.30000000e+00  1.66306076e+00 
 2.30200000e+00  1.66623452e+00 
 2.30400000e+00  1.66940083e+00 
 2.30600000e+00  1.67255772e+00 
 2.30800000e+00  1.67570326e+00 
 2.31000000e+00  1.67883551e+00 
 2.31200000e+00  1.68195256e+00 
 2.31400000e+00  1.68505255e+00 
 2.31600000e+00  1.68813361e+00 
 2.31800000e+00  1.69119394e+00 
 2.32000000e+00  1.69423175e+00 
 2.32200000e+00  1.69724531e+00 
 2.32400000e+00  1.70023292e+00 
 2.32600000e+00  1.70319292e+00 
 2.32800000e+00  1.70612371e+00 
 2.33000000e+00  1.70902374e+00 
 2.33200000e+00  1.71189151e+00 
 2.33400000e+00  1.71472556e+00 
 2.33600000e+00  1.71752453e+00 
 2.33800000e+00  1.72028708e+00 
 2.34000000e+00  1.72301195e+00 
 2.34200000e+00  1.72569794e+00 
 2.34400000e+00  1.72834393e+00 
 2.34600000e+00  1.73094883e+00 
 2.34800000e+00  1.73351167e+00 
 2.35000000e+00  1.73603151e+00 
 2.35200000e+00  1.73850750e+00 
 2.35400000e+00  1.74093886e+00 
 2.35600000e+00  1.74332487e+00 
 2.35800000e+00  1.74566490e+00 
 2.36000000e+00  1.74795839e+00 
 2.36200000e+00  1.75020484e+00 
 2.36400000e+00  1.75240383e+00 
 2.36600000e+00  1.75455503e+00 
 2.36800000e+00  1.75665814e+00 
 2.37000000e+00  1.75871297e+00 
 2.37200000e+00  1.76071938e+00 
 2.37400000e+00  1.76267731e+00 
 2.37600000e+00  1.76458675e+00 
 2.37800000e+00  1.76644777e+00 
 2.38000000e+00  1.76826050e+00 
 2.38200000e+00  1.77002513e+00 
 2.38400000e+00  1.77174191e+00 
 2.38600000e+00  1.77341114e+00 
 2.38800000e+00  1.77503320e+00 
 2.39000000e+00  1.77660848e+00 
 2.39200000e+00  1.77813747e+00 
 2.39400000e+00  1.77962067e+00 
 2.39600000e+00  1.78105863e+00 
 2.39800000e+00  1.78245197e+00 
 2.40000000e+00  1.78380131e+00 
 2.40200000e+00  1.78510734e+00 
 2.40400000e+00  1.78637077e+00 
 2.40600000e+00  1.78759233e+00 
 2.40800000e+00  1.78877279e+00 
 2.41000000e+00  1.78991295e+00 
 2.41200000e+00  1.79101363e+00 
 2.41400000e+00  1.79207567e+00 
 2.41600000e+00  1.79309991e+00 
 2.41800000e+00  1.79408723e+00 
 2.42000000e+00  1.79503851e+00 
 2.42200000e+00  1.79595465e+00 
 2.42400000e+00  1.79683653e+00 
 2.42600000e+00  1.79768508e+00 
 2.42800000e+00  1.79850119e+00 
 2.43000000e+00  1.79928578e+00 
 2.43200000e+00  1.80003975e+00 
 2.43400000e+00  1.80076401e+00 
 2.43600000e+00  1.80145947e+00 
 2.43800000e+00  1.80212701e+00 
 2.44000000e+00  1.80276752e+00 
 2.44200000e+00  1.80338189e+00 
 2.44400000e+00  1.80397097e+00 
 2.44600000e+00  1.80453564e+00 
 2.44800000e+00  1.80507672e+00 
 2.45000000e+00  1.80559506e+00 
 2.45200000e+00  1.80609146e+00 
 2.45400000e+00  1.80656673e+00 
 2.45600000e+00  1.80702165e+00 
 2.45800000e+00  1.80745698e+00 
 2.46000000e+00  1.80787348e+00 
 2.46200000e+00  1.80827188e+00 
 2.46400000e+00  1.80865289e+00 
 2.46600000e+00  1.80901721e+00 
 2.46800000e+00  1.80936551e+00 
 2.47000000e+00  1.80969846e+00 
 2.47200000e+00  1.81001667e+00 
 2.47400000e+00  1.81032079e+00 
 2.47600000e+00  1.81061140e+00 
 2.47800000e+00  1.81088910e+00 
 2.48000000e+00  1.81115443e+00 
 2.48200000e+00  1.81140794e+00 
 2.48400000e+00  1.81165017e+00 
 2.48600000e+00  1.81188161e+00 
 2.48800000e+00  1.81210275e+00 
 2.49000000e+00  1.81231406e+00 
 2.49200000e+00  1.81251600e+00 
 2.49400000e+00  1.81270901e+00 
 2.49600000e+00  1.81289349e+00 
 2.49800000e+00  1.81306986e+00 
 2.50000000e+00  1.81323849e+00 
